1072 1706 433
1920 1470 779
1737 1469 599
1155 1394 929
1907 1834 870
1183 1967 185
1420 1431 544
1230 1824 269
1910 1219 255
1110 1447 127
1229 1970 584
1920 1279 89
1447 1086 523
1256 1016 922
1191 1563 477
1346 1025 309
1314 1654 966
1875 1846 357
1587 1758 161
1161 1136 870
1377 1425 729
1256 1501 597
1469 1178 0
1473 1831 176
1008 1281 607
1925 1500 260
1453 1551 874
1634 1736 987
1236 1035 231
1707 1819 983
1923 1615 146
1991 1356 270
1000 1396 995
1118 1448 82
1215 1923 662
1785 1138 74
1223 1392 300
1310 1550 673
1478 1360 212
1730 1713 835
1803 1893 693
1400 1403 340
1356 1398 454
1980 1689 36
1005 1272 567
1055 1969 265
1425 1191 799
1581 1972 375
1541 1740 890
1050 1584 134
1866 1560 212
1688 1828 172
1315 1798 125
1319 1917 496
1806 1627 273
1120 1292 849
1202 1661 504
1872 1938 87
1536 1560 880
1067 1996 985
1683 1274 81
1704 1343 835
1003 1913 142
1923 1174 85
1122 1669 397
1390 1237 416
1450 1018 104
1790 1946 574
1308 1456 6
1596 1384 619
1054 1720 206
1967 1275 107
1226 1884 147
1133 1861 228
1665 1653 50
1747 1925 797
1632 1249 583
1869 1109 424
1797 1466 925
1552 1523 767
1435 1330 170
1475 1675 468
1400 1556 260
1501 1723 888
1449 1947 628
1169 1567 344
1396 1670 915
1819 1611 324
1189 1584 207
1912 1592 438
1585 1157 242
1165 1781 767
1859 1411 893
1639 1903 869
1154 1497 840
1573 1859 258
1890 1517 964
1944 1181 98
1285 1689 119
1054 1594 301
1948 1717 734
1383 1038 908
1109 1496 332
1158 1135 953
1959 1115 281
1009 1072 339
1032 1912 318
1181 1561 296
1631 1689 21
1694 1665 753
1803 1829 452
1143 1283 910
1163 1504 327
1163 1058 144
1753 1404 424
1919 1382 561
1474 1030 532
1169 1345 544
1258 1080 336
1535 1466 417
1085 1810 963
1174 1068 259
1474 1191 751
1496 1230 768
1996 1510 549
1571 1956 662
1465 1382 998
1496 1223 746
1195 1827 424
1058 1553 622
1907 1078 810
1600 1353 164
1439 1169 832
1655 1796 517
1852 1840 575
1222 1807 909
1462 1392 618
1502 1435 960
1700 1926 483
1611 1115 479
1739 1911 533
1665 1538 590
1282 1936 914
1530 1017 450
1813 1891 934
1045 1327 701
1092 1291 173
1772 1208 678
1930 1728 586
1000 1775 54
1036 1215 921
1501 1889 744
1646 1751 173
1012 1833 243
1326 1731 498
1316 1747 363
1758 1605 315
1056 1950 980
1082 1655 482
1393 1443 748
1585 1826 84
1640 1201 919
1957 1656 419
1910 1432 708
1991 1349 950
1090 1047 872
1537 1429 622
1645 1631 830
1809 1889 20
1997 1577 160
1372 1051 233
1945 1015 740
1203 1493 510
1341 1868 503
1891 1051 762
1142 1747 543
1213 1244 348
1443 1438 889
1917 1613 87
1127 1317 342
1071 1589 753
1406 1222 685
1299 1781 62
1880 1290 73
1366 1016 959
1223 1393 917
1626 1981 890
1998 1797 307
1814 1262 602
1329 1907 88
1939 1296 31
1036 1009 970
1327 1077 245
1124 1212 805
1189 1460 567
1827 1708 915
1829 1659 698
1695 1445 649
1825 1073 985
1295 1309 406
1738 1636 761
1540 1710 672
1801 1782 509
1770 1209 533
1228 1869 367
1172 1823 73
1370 1133 41
1945 1657 38
1807 1962 527
1727 1394 241
1501 1623 410
1189 1894 275
1046 1382 50
1680 1192 766
1378 1927 477
1353 1074 159
1900 1862 258
1383 1699 722
1811 1878 141
1677 1020 553
1729 1143 375
1610 1064 103
1599 1188 209
1798 1932 458
1010 1355 729
1622 1691 277
1797 1071 96
1509 1483 344
1064 1293 479
1786 1125 595
1688 1810 855
1282 1127 46
1190 1816 623
1800 1344 236
1364 1702 42
1682 1712 816
1985 1092 925
1395 1872 94
1525 1318 414
1609 1040 97
1173 1611 765
1103 1199 577
1628 1110 991
1987 1026 150
1960 1643 227
1762 1202 699
1668 1105 262
1822 1161 778
1874 1516 952
1600 1225 426
1923 1405 975
1838 1823 937
1949 1600 0
1488 1033 70
1087 1275 248
1714 1935 954
1408 1234 589
1273 1362 678
1638 1342 369
1263 1215 955
1885 1300 608
1349 1992 764
1373 1911 98
1248 1921 432
1169 1901 236
1327 1185 18
1236 1969 841
1313 1604 320
1558 1148 761
1310 1188 416
1530 1336 674
1128 1169 568
1029 1690 412
1678 1015 613
1673 1301 289
1397 1029 265
1039 1968 797
1484 1043 422
1204 1155 649
1312 1717 338
1309 1471 945
1224 1589 867
1493 1084 255
1008 1385 614
1246 1591 303
1218 1172 30
1905 1994 956
1372 1171 928
1797 1828 946
1057 1652 869
1836 1680 492
1024 1539 643
1262 1034 55
1503 1553 772
1771 1510 160
1232 1202 55
1065 1890 689
1939 1594 210
1123 1011 344
1822 1693 417
1187 1120 218
1333 1293 283
1648 1645 918
1734 1392 467
1028 1318 159
1884 1804 297
1722 1438 714
1271 1157 493
1853 1515 760
1628 1788 713
1391 1262 851
1480 1726 20
1252 1824 925
1248 1620 355
1301 1798 566
1807 1631 640
1803 1143 17
1789 1611 667
1915 1128 26
1704 1867 937
1827 1601 794
1383 1974 234
1383 1732 782
1107 1081 735
1429 1971 707
1705 1638 83
1810 1693 759
1061 1840 176
1364 1083 668
1760 1241 460
1026 1890 148
1873 1234 93
1437 1824 360
1550 1202 428
1138 1916 684
1363 1378 123
1966 1494 293
1446 1404 411
1823 1055 47
1534 1453 352
1601 1199 249
1418 1036 974
1747 1938 109
1267 1968 377
1445 1266 961
1532 1649 877
1091 1807 951
1401 1241 661
1389 1144 553
1426 1025 394
1997 1710 894
1831 1227 612
1371 1809 365
1020 1183 441
1233 1146 452
1735 1176 130
1549 1607 85
1551 1059 957
1337 1824 324
1242 1068 101
1954 1533 298
1838 1353 70
1947 1171 213
1626 1575 21
1564 1343 428
1561 1777 249
1834 1040 691
1793 1168 733
1303 1947 451
1260 1018 73
1017 1239 379
1100 1163 605
1739 1327 206
1746 1020 373
1211 1544 398
1498 1912 814
1857 1183 614
1192 1456 701
1774 1285 730
1212 1918 568
1700 1727 676
1946 1285 736
1781 1926 472
1535 1590 536
1957 1107 651
1898 1198 117
1305 1311 804
1778 1094 56
1459 1865 204
1748 1516 693
1485 1659 717
1706 1850 61
1231 1080 942
1378 1241 910
1907 1306 461
1010 1201 9
1252 1929 225
1058 1057 970
1500 1455 832
1212 1253 231
1168 1803 878
1531 1913 841
1587 1058 620
1056 1416 894
1964 1350 257
1006 1281 229
1281 1031 128
1995 1054 508
1963 1668 26
1451 1406 38
1348 1767 941
1726 1483 948
1800 1636 747
1917 1764 690
1559 1605 922
1329 1321 944
1278 1874 507
1837 1983 693
1168 1497 975
1809 1581 970
1962 1724 425
1919 1582 886
1217 1694 689
1808 1121 493
1501 1072 221
1277 1677 855
1869 1440 475
1650 1675 776
1079 1177 445
1144 1159 308
1758 1685 556
1001 1047 814
1661 1365 693
1687 1357 261
1136 1533 751
1732 1828 71
1968 1037 629
1523 1637 988
1255 1970 27
1111 1618 124
1994 1230 222
1839 1978 9
1749 1604 951
1438 1802 278
1916 1588 399
1514 1708 805
1291 1379 616
1272 1749 743
1354 1891 815
1794 1453 677
1786 1770 723
1316 1742 286
1276 1903 982
1756 1716 674
1192 1435 701
1148 1669 214
1562 1865 361
1413 1180 635
1023 1636 874
1999 1446 601
1155 1257 608
1332 1744 944
1022 1290 715
1930 1185 500
1890 1543 185
1130 1143 470
1714 1925 890
1034 1322 479
1048 1328 666
1219 1836 228
1949 1479 15
1381 1355 898
1155 1863 706
1769 1634 440
1614 1518 438
1603 1622 678
1095 1300 393
1201 1040 16
1151 1985 786
1171 1101 854
1113 1457 175
1949 1323 86
1565 1488 92
1409 1062 149
1147 1595 943
1475 1773 574
1838 1162 350
1292 1911 982
1572 1375 375
1917 1569 433
1679 1080 91
1910 1467 989
1124 1291 194
1970 1637 558
1426 1548 44
1386 1910 876
1890 1396 240
1962 1797 756
1113 1102 46
1511 1193 126
1575 1751 715
1188 1234 984
1907 1733 783
1525 1720 884
1160 1938 394
1639 1591 368
1059 1166 88
1681 1989 170
1206 1904 821
1290 1995 833
1160 1303 292
1233 1633 782
1864 1463 890
1149 1608 808
1980 1523 281
1221 1013 107
1999 1351 147
1158 1712 216
1491 1766 219
1565 1412 444
1824 1049 600
1077 1923 728
1670 1570 262
1829 1984 614
1002 1487 136
1246 1756 385
1939 1694 920
1468 1274 640
1798 1991 438
1257 1024 419
1844 1277 924
1184 1933 162
1000 1475 863
1228 1855 127
1910 1092 461
1713 1963 752
1104 1057 919
1510 1853 46
1355 1285 766
1067 1480 191
1012 1171 471
1042 1269 647
1760 1025 653
1695 1286 504
1323 1085 277
1042 1156 406
1959 1359 314
1302 1052 857
1134 1031 192
1120 1590 589
1424 1166 547
1376 1231 841
1553 1033 886
1697 1974 271
1090 1686 328
1850 1839 324
1500 1053 603
1630 1763 468
1594 1264 531
1942 1776 202
1250 1886 535
1131 1601 571
1692 1420 266
1411 1660 461
1649 1142 582
1688 1678 799
1162 1317 825
1296 1096 102
1577 1441 269
1789 1579 265
1110 1326 626
1559 1562 233
1164 1835 395
1621 1068 749
1463 1028 698
1551 1972 17
1521 1557 722
1289 1762 542
1599 1289 413
1263 1043 517
1034 1349 202
1906 1348 793
1528 1401 107
1205 1910 120
1045 1462 971
1913 1559 204
1979 1254 247
1445 1242 448
1256 1574 249
1420 1384 188
1538 1931 741
1684 1125 469
1913 1938 510
1735 1761 594
1045 1927 154
1011 1712 383
1697 1227 592
1319 1888 188
1038 1803 30
1861 1520 974
1348 1280 203
1374 1057 832
1595 1857 41
1547 1861 137
1090 1072 210
1486 1709 98
1354 1074 34
1100 1555 30
1348 1718 904
1137 1506 963
1632 1424 755
1468 1672 861
1117 1151 957
1889 1379 721
1678 1770 268
1035 1046 966
1854 1471 197
1097 1377 59
1419 1774 805
1603 1898 845
1506 1087 737
1768 1613 60
1978 1782 290
1408 1721 155
1131 1809 29
1127 1251 907
1708 1558 329
1850 1695 33
1978 1177 663
1868 1534 813
1973 1871 686
1358 1964 251
1183 1551 790
1346 1254 537
1537 1460 839
1231 1581 811
1759 1945 848
1764 1842 426
1370 1144 789
1817 1619 25
1177 1571 489
1879 1337 601
1743 1098 623
1313 1556 715
1495 1068 861
1132 1621 192
1434 1503 413
1630 1787 714
1091 1106 218
1899 1207 507
1471 1611 657
1169 1505 888
1275 1225 142
1950 1193 662
1133 1494 275
1161 1691 997
1990 1711 444
1569 1675 579
1222 1474 224
1156 1243 876
1431 1877 833
1748 1354 899
1916 1675 572
1185 1227 521
1430 1995 708
1022 1421 746
1059 1270 224
1084 1992 608
1660 1257 234
1755 1220 839
1903 1970 942
1452 1681 498
1070 1886 768
1602 1981 271
1566 1775 767
1865 1675 606
1049 1646 974
1734 1025 857
1646 1029 983
1903 1238 791
1878 1990 259
1311 1631 119
1208 1961 31
1261 1755 322
1237 1231 567
1540 1693 988
1763 1942 579
1344 1325 473
1704 1992 627
1883 1021 544
1670 1531 536
1255 1723 76
1712 1642 681
1076 1213 703
1876 1357 831
1288 1474 855
1523 1558 58
1937 1377 919
1375 1760 547
1269 1578 115
1689 1109 789
1135 1211 697
1471 1841 957
1020 1170 130
1161 1953 928
1722 1368 795
1945 1232 106
1478 1311 121
1201 1427 522
1617 1878 697
1418 1061 960
1280 1994 542
1820 1967 358
1116 1642 542
1308 1053 296
1787 1741 616
1533 1575 336
1617 1731 481
1064 1925 497
1450 1945 889
1438 1461 888
1057 1612 401
1850 1569 530
1362 1256 653
1376 1123 852
1550 1726 651
1815 1284 662
1149 1601 714
1994 1438 862
1012 1475 516
1449 1943 538
1648 1492 779
1326 1867 147
1050 1848 185
1882 1620 919
1624 1670 892
1890 1376 836
1448 1006 301
1202 1391 11
1682 1140 381
1866 1393 263
1472 1197 657
1840 1781 814
1547 1777 191
1512 1217 625
1799 1659 769
1047 1608 615
1115 1013 73
1672 1968 798
1378 1690 301
1795 1192 804
1002 1535 792
1356 1892 668
1676 1887 9
1022 1650 436
1661 1670 414
1680 1607 189
1014 1162 146
1412 1474 555
1518 1127 996
1640 1627 952
1562 1975 645
1948 1966 15
1830 1606 417
1367 1556 91
1858 1046 928
1804 1614 977
1528 1432 489
1516 1267 991
1313 1896 214
1188 1798 273
1628 1792 817
1831 1439 978
1256 1825 891
1373 1244 981
1969 1823 57
1910 1029 195
1725 1389 732
1133 1051 179
1158 1196 31
1946 1117 475
1098 1905 878
1474 1092 760
1167 1997 587
1689 1083 627
1178 1424 570
1620 1961 983
1289 1516 878
1569 1770 588
1160 1145 412
1634 1464 694
1857 1182 561
1762 1128 166
1899 1798 876
1640 1937 888
1136 1520 31
1143 1803 621
1604 1005 916
1662 1730 706
1101 1702 998
1869 1312 44
1866 1980 130
1117 1462 934
1479 1555 371
1089 1010 78
1502 1990 468
1443 1074 789
1070 1679 706
1149 1007 129
1439 1983 254
1117 1007 298
1441 1643 250
1173 1964 610
1308 1299 781
1335 1088 922
1285 1092 344
1223 1509 156
1515 1969 488
1196 1106 870
1376 1478 832
1850 1310 928
1173 1687 151
1631 1348 653
1109 1555 593
1623 1176 106
1971 1198 84
1141 1325 61
1765 1261 190
1415 1318 47
1544 1836 307
1026 1652 149
1339 1945 388
1346 1023 523
1166 1695 232
1902 1044 937
1483 1137 432
1085 1351 112
1521 1964 715
1956 1691 626
1695 1914 652
1392 1446 854
1361 1721 257
1925 1309 827
1438 1792 515
1040 1315 269
1626 1465 244
1310 1544 749
1794 1027 12
1985 1255 969
1452 1427 283
1704 1025 269
1289 1502 718
1465 1402 602
1041 1670 27
1987 1520 698
1581 1056 100
1677 1049 330
1419 1914 810
1231 1561 646
1765 1305 873
1207 1390 186
1696 1633 794
1648 1150 306
1151 1677 76
1550 1059 695
1835 1526 235
1952 1882 17
1351 1901 716
1233 1756 712
1531 1831 487
1484 1595 686
1954 1809 109
1555 1291 482
1188 1949 103
1184 1150 361
1922 1056 317
1214 1408 738
1671 1263 309
1564 1207 907
1752 1413 737
1562 1094 256
1039 1677 412
1787 1516 280
1598 1688 222
1002 1215 152
1790 1689 192
1931 1544 971
1552 1670 912
1830 1903 735
1327 1390 992
1406 1083 415
1443 1770 943
1055 1412 172
1892 1923 243
1697 1674 502
1246 1633 991
1940 1011 384
1138 1763 887
1669 1383 273
1167 1331 795
1198 1518 769
1734 1540 757
1265 1407 534
1656 1950 37
1390 1271 915
1692 1129 824
1414 1672 840
1976 1035 293
1832 1008 42
1463 1895 96
1336 1868 798
1597 1766 404
1381 1737 946
1231 1023 52
1317 1026 831
1986 1816 178
1627 1908 735
1199 1167 723
1407 1222 69
1251 1946 664
1956 1534 100
1868 1149 779
1656 1967 554
1987 1538 218
1564 1918 76
1660 1676 136
1259 1562 621
1216 1323 833
1264 1376 2
1368 1997 997
1979 1953 593
1609 1947 191
1464 1493 498
1046 1018 745
1186 1390 436
1017 1118 203
1217 1506 805
1935 1856 471
1634 1098 537
1994 1754 796
1475 1037 957
1178 1186 626
1217 1704 114
1973 1962 38
1090 1185 631
1754 1934 656
1632 1189 888
1052 1573 435
1652 1634 382
1055 1668 377
1014 1815 483
1638 1369 878
1545 1187 190
1670 1424 354
1362 1028 925
1715 1348 472
1461 1772 419
1152 1915 662
1277 1080 480
1103 1946 206
1597 1858 810
1433 1421 98
1988 1324 499
1219 1597 932
1975 1041 543
1583 1313 441
1991 1524 743
1484 1847 936
1264 1366 969
1297 1968 567
1795 1915 369
1365 1893 572
1042 1934 183
1313 1891 965
1669 1653 172
1899 1987 625
1893 1022 399
1190 1239 336
1992 1106 317
1191 1922 156
1512 1149 662
1464 1672 261
1130 1113 862
1063 1938 526
1541 1462 304
1480 1138 538
1326 1173 108
1707 1100 771
1228 1575 827
1011 1592 210
1710 1593 197
1119 1335 283
1315 1099 565
1984 1229 811
1177 1768 494
1268 1717 229
1645 1234 531
1626 1274 72
1739 1262 427
1591 1374 947
