429,-115
-600,-996
-375,945
-551,347
-572,-760
-943,-361
985,-591
909,976
939,837
-283,967
-539,-67
488,529
-436,607
561,102
-322,473
-500,851
613,645
-76,673
625,-233
320,235
760,381
224,823
-769,-523
-434,501
1,943
315,388
-499,456
-500,-220
-720,653
-765,88
-547,-537
445,539
846,468
-547,-351
-374,-426
713,709
-105,-922
-254,885
462,-467
757,521
-858,731
-637,756
843,271
-667,-486
626,903
-995,179
-750,-408
291,-315
-480,489
488,497
-487,604
-801,429
732,467
-742,516
-583,735
739,-175
464,618
767,-97
-347,-532
-631,650
595,-201
-134,432
398,-288
-499,-377
-829,680
788,576
312,-299
835,204
-744,-936
687,11
935,704
873,-319
634,425
800,930
113,780
-888,249
-836,-364
437,485
947,-679
205,649
112,-818
-459,-684
978,-720
225,24
192,587
-633,-82
-535,-519
-32,2
-586,-616
-364,693
583,-799
-824,138
-545,469
-633,550
-731,-43
750,273
423,-947
29,-848
-182,-553
-835,-383
989,245
497,304
-899,-695
162,-567
-594,-300
693,519
163,-816
302,784
481,-110
214,787
825,102
-505,-190
-527,-869
272,-95
-28,-492
110,471
263,-959
14,-675
-677,-986
-908,72
-352,823
56,-875
-1,93
-648,-80
-33,-226
49,-361
394,937
90,622
181,679
999,-951
490,997
-873,-119
616,491
-754,-447
345,8
-577,-723
369,-464
263,-927
-35,268
-763,-189
-258,-157
976,944
57,774
-682,523
-586,-629
-396,861
-709,181
-922,-547
-747,618
-728,780
839,98
-557,-302
-182,-424
473,-915
-487,919
-739,-54
-542,331
36,924
-925,943
-583,57
389,-944
431,894
673,239
-30,727
-400,287
648,-726
763,807
-740,996
-317,741
981,-642
409,165
337,-176
576,318
-455,-675
-7,-536
656,326
863,-455
-905,-115
-161,103
-719,-350
528,438
570,-954
-142,-332
-445,-716
544,224
-871,-86
-414,-82
955,601
786,175
406,-467
818,-458
151,153
85,943
-340,324
30,-543
-114,222
-389,-322
852,-454
900,504
935,-56
679,-329
884,452
908,-275
996,-805
311,-956
-704,-875
-531,958
-333,-263
-24,-706
-62,551
-86,360
932,693
-610,-652
-527,384
180,-514
624,480
631,86
228,-441
477,721
-180,-413
-285,587
-401,-216
-491,671
985,-164
-917,-366
221,-205
819,-98
-542,166
-691,-206
582,121
-892,-793
103,-903
-738,-20
-821,820
284,416
695,-400
-145,92
-448,439
-766,-7
592,-478
-762,-685
-722,937
-898,129
-9,-83
-956,-719
59,-407
894,932
256,755
-588,-526
-670,587
491,-698
-841,-428
297,290
714,248
905,-31
-593,-379
-657,569
-416,793
-571,744
882,126
328,887
-852,631
579,937
912,-783
-562,223
-806,976
-794,-55
-322,318
885,287
132,-903
-101,699
99,-220
-775,-674
-615,-716
-595,-295
241,655
-154,600
391,987
-239,-724
-684,447
-53,-405
-345,162
-846,701
-69,755
228,-491
783,-880
-644,-17
-924,-507
-741,-515
228,266
150,-255
-86,-956
392,-313
624,-199
829,132
988,-324
-431,854
684,-390
260,198
-902,178
174,962
269,871
-125,199
593,740
173,-235
-734,-528
4,510
431,-452
765,-536
528,-562
-361,-169
274,-556
-36,-129
-844,351
-959,-356
-313,-114
562,952
822,602
-262,-400
-168,351
724,445
-548,-541
128,-251
702,801
336,-698
-881,-551
-45,547
-152,414
-331,-619
769,-93
954,673
-228,-703
-455,897
-599,-696
-231,-859
607,719
-619,-217
696,-460
-109,-934
-577,188
434,-323
287,197
6,-91
-255,-739
441,-483
539,-87
-262,481
762,-601
-196,588
1,-112
728,763
914,-705
-14,851
42,990
897,285
-890,-895
-395,-227
127,597
282,-40
-458,-423
665,-657
479,560
581,-287
54,164
397,774
-431,-849
163,-806
-744,-694
916,824
-186,-497
901,754
980,-164
867,652
950,995
-73,-131
559,-948
-810,739
-464,814
883,462
716,-625
-943,-808
565,-175
938,-19
-820,-334
-920,-876
473,919
546,468
-854,34
780,972
-882,-433
637,305
-736,-751
871,282
589,-613
97,218
331,-257
-818,713
-515,-329
-183,-78
-917,864
-444,976
503,-527
836,-65
941,849
20,-900
798,-735
518,-122
-682,-953
294,288
644,633
10,-828
812,887
-133,-880
688,78
828,-80
279,3
927,871
-195,-111
753,213
-605,-290
573,-429
-156,-715
-537,449
317,757
-695,-536
96,-452
120,488
-27,-851
-226,-332
686,66
-604,867
306,-894
-656,508
-211,-979
-991,850
-12,-261
703,102
294,-890
412,-184
329,-67
-917,605
-809,38
-895,146
-746,-585
-194,604
-122,-738
522,-328
-315,-214
-851,-721
558,2
782,308
-205,925
503,-879
405,233
546,-172
-862,-24
-563,326
-26,533
-389,-875
311,-492
860,-117
-755,-14
-442,790
652,-635
329,-703
-901,-246
-740,384
-168,728
361,-539
-108,800
991,573
-631,0
-901,807
-974,329
79,-96
-231,-274
798,705
-548,142
-937,-799
564,-360
-443,-892
-943,-97
-190,-961
596,274
963,602
237,-950
-291,-915
651,-363
531,-915
-27,497
748,-608
393,439
-923,-201
-212,130
-586,521
-277,-920
-755,530
416,-815
537,981
-281,-398
-886,-967
-298,743
841,870
-892,656
-176,114
811,628
609,-420
-762,-626
-306,-230
-677,-573
323,26
578,946
767,-43
767,724
60,651
448,434
-489,-869
-136,-743
832,175
-149,-556
-874,-12
-274,191
-745,-292
97,-382
689,208
10,-593
674,864
-499,-695
941,-557
627,534
224,-392
-906,-274
856,-621
556,-80
48,-726
216,-748
-804,677
-926,-285
35,-829
22,-625
-494,130
-890,-839
537,900
56,-559
-771,247
878,723
113,155
-132,523
-304,-710
932,271
90,338
-922,530
-259,-854
205,-486
-940,214
427,51
807,325
-684,-657
-983,-500
-15,-876
916,-206
887,136
-957,106
-823,-362
-168,-571
-736,168
44,351
-809,415
544,484
861,858
69,-386
-713,-250
900,-86
-139,-621
-846,-929
-677,140
773,-309
-543,256
-450,363
273,973
744,561
-130,504
-790,-720
611,-297
692,-815
640,-664
-66,-964
-368,392
434,-467
318,83
851,-918
222,411
546,-999
490,-898
533,351
172,-771
883,-961
-354,296
273,-781
-235,-173
599,328
-582,-274
-969,988
-49,-239
752,709
-916,-607
328,293
-300,-468
-205,893
738,20
-888,11
420,98
290,273
-294,-162
-915,-108
-205,192
110,-545
971,453
-28,195
-933,53
-969,-31
-439,-511
-898,338
180,346
18,858
506,827
460,130
41,911
433,745
-88,-374
746,218
-610,-977
-336,859
-47,-119
-376,-348
-415,-941
113,-529
-846,-664
714,509
-246,362
407,153
484,141
-422,452
699,-685
497,598
507,729
-665,340
-523,720
123,-161
-615,-711
-878,-2
817,-726
693,-483
-104,-91
-578,-724
-600,213
464,442
-621,-428
-388,-492
-468,-844
-735,-255
894,928
255,-364
69,752
840,-701
174,-284
112,163
59,-865
-573,451
657,694
-501,385
-270,196
-201,996
-32,168
-912,569
490,163
419,-54
130,468
751,-992
-230,273
307,-724
374,-987
144,-839
-63,-685
49,939
40,731
-522,-462
-416,83
-276,896
-706,78
-193,-533
729,-243
399,-70
-565,515
729,-558
-284,234
287,-429
391,-337
831,915
-669,32
-26,583
785,264
769,268
232,-749
98,154
837,-963
-610,797
-708,-485
-991,-21
-679,-86
-644,662
940,-6
-453,-696
-732,186
596,487
987,-918
252,-342
-219,5
752,-271
-90,425
-469,-950
657,-783
618,-445
-488,290
662,676
45,-731
-293,900
-365,136
-922,-161
-368,556
806,161
432,619
-288,-364
-760,-215
-414,-791
35,-932
-975,713
-504,-965
-483,446
856,506
-503,-166
-90,288
-463,686
-443,882
-412,-895
562,142
471,505
-772,606
475,-238
-926,893
-663,-189
960,-463
-453,59
-812,-376
-129,473
530,844
-443,-831
-135,-152
-699,17
-46,-299
-503,229
-653,842
78,-3
-571,-727
-791,148
-205,933
-665,534
529,-842
-156,-847
-592,-942
695,577
-490,779
774,435
-674,-776
-931,474
-963,680
859,-77
-15,-912
75,-765
-356,-902
-799,531
-986,824
-696,833
-334,315
-240,249
-582,1
945,-68
-332,-150
-187,517
292,91
268,-368
815,417
358,-35
-741,859
-986,-384
-886,-40
-571,524
-949,832
155,-673
-242,-806
157,-101
644,998
-830,-77
879,-548
-493,526
-194,907
493,-900
701,-153
342,744
-424,585
551,-915
60,-756
-940,787
-134,-504
332,-213
266,-704
-893,845
-802,335
699,937
979,263
-784,705
-524,120
682,428
-483,814
184,864
-220,133
-227,-894
793,-167
-456,798
-824,323
409,624
721,323
678,-874
143,-961
-152,-477
-455,-494
-519,-25
-729,425
522,281
576,519
-478,67
-646,-396
392,766
-11,-641
-107,652
210,692
-260,457
689,-69
-463,-953
-388,-331
-530,-234
-721,-394
-158,603
174,-855
211,894
246,3
389,784
471,31
558,687
13,-354
914,6
159,-298
208,-708
-193,336
840,157
-268,527
208,418
-707,-807
425,-65
99,21
-521,-330
227,982
-221,-839
307,561
53,-10
283,143
754,-106
-407,-287
-349,-724
129,-48
-392,-171
889,-387
296,-216
27,641
415,-667
-790,131
553,-221
-665,437
520,853
2,-468
606,33
248,-614
-8,702
673,-51
-329,911
989,779
-795,-208
-189,-653
-553,86
-593,861
-391,731
-123,-543
764,502
-510,-61
-209,-908
-734,376
-60,-859
-809,903
-923,925
-341,534
717,-963
874,977
806,341
-394,677
904,-373
-470,-882
384,-910
-761,-707
-385,290
-286,956
954,-984
-748,-67
592,100
326,-956
57,-778
831,-381
-956,-737
-823,-121
60,110
798,-279
-554,-531
7,353
93,-528
-238,216
170,-398
482,739
255,-986
272,-182
468,262
-568,-715
-842,160
-432,556
-454,450
-411,801
-871,64
694,563
-740,360
528,-410
-979,-690
-60,-538
-134,419
-852,-706
-873,45
-492,-502
171,78
942,367
-955,-374
-379,-116
-595,757
-484,-875
-342,353
752,-439
-462,399
-884,817
-226,-555
828,82
565,-859
-342,-849
-750,-255
521,317
234,-139
871,208
214,838
761,687
491,994
-199,662
-43,-4
-268,-5
-314,891
913,587
-467,-359
8,362
385,-829
-958,-428
108,-447
459,301
508,440
-137,-473
-941,-918
561,300
383,616
-22,-842
-112,440
-800,-509
-187,942
843,-968
211,984
535,131
-404,17
-865,45
20,-548
-737,687
-407,384
35,-740
41,-617
570,864
-894,-3
-475,993
-548,179
-759,-730
-425,-2
-115,-481
-441,-356
-321,729
396,737
-205,498
-35,832
380,-511
427,-627
785,659
-382,801
-331,795
523,212
-239,313
-597,-431
-12,524
420,444
598,-100
588,901
937,-595
347,35
617,52
158,575
289,155
-708,-302
-299,-436
-464,-233
863,545
181,185
45,638
-130,371
-139,528
245,320
-659,-647
-767,-75
385,-294
-46,-53
-418,-781
479,56
-911,238
-817,510
853,79
433,-170
-23,207
-48,-627
-436,666
733,-300
708,115
954,70
63,-212
646,-715
946,214
255,637
-821,957
366,-912
-530,-723
-163,594
993,-867
-641,-328
267,837
-604,-388
-747,815
322,-394
-38,-910
-418,-696
912,-775
-892,554
609,420
-658,-376
-755,1
633,-629
-125,634
166,-921
-387,534
-790,-822
32,-662
467,120
-502,867
729,920
-237,887
675,537
-248,-15
-809,-629
-262,-370
457,782
723,940
-706,-826
530,-829
-709,-78
-849,575
490,-836
-543,244
-966,-594
427,7
-504,422
-788,610
371,-982
-314,-241
-31,-114
-938,45
397,810
-793,-452
-897,-893
-745,585
34,345
640,-836
737,799
451,-621
-200,-969
-896,-797
-27,605
-395,625
776,-261
-230,-753
322,846
-110,-101
-702,363
-500,354
-281,682
982,-523
209,-150
132,-885
-283,776
370,-372
-110,-31
562,68
-655,175
-779,-564
-114,-456
-21,-162
-535,738
-541,-438
545,784
-31,788
-101,-529
-119,-651
-815,765
-294,103
520,-512
788,67
-669,-453
437,954
-104,663
-243,514
-755,-138
-112,432
-281,-959
628,-641
82,-666
607,-795
170,820
-290,523
629,-302
-603,-886
-482,747
-76,734
334,-363
-315,467
219,479
-522,566
-507,744
-786,532
-308,921
-948,-593
-343,-972
-703,-318
-892,287
681,803
-686,63
-439,256
-171,-628
-320,-70
239,-148
-211,-920
-503,-707
915,526
-468,723
355,-297
391,-950
533,677
535,302
-155,-51
452,569
777,536
-585,-937
89,197
859,-538
141,131
456,371
965,-890
203,-841
-133,-407
49,271
66,697
525,316
-815,67
533,-489
-777,-607
-277,901
-53,-123
67,298
913,133
-989,386
-318,-372
537,-509
-430,614
-900,-248
512,-831
-31,-126
870,-783
217,-255
229,161
-779,-41
-154,-558
170,306
54,-495
-939,928
-768,-679
-712,846
222,-293
-751,-340
977,-978
644,54
124,-966
740,-1000
736,-926
-674,937
-154,-246
39,124
-121,235
807,-34
727,-900
-333,-713
-244,807
-568,589
253,353
693,-850
72,838
-343,-537
-9,-135
-497,38
600,-745
-991,-904
-887,-253
729,254
259,404
36,-35
-977,-426
-316,-56
336,-370
20,321
921,606
117,996
267,290
-601,513
-411,373
38,-772
632,571
419,-265
834,-778
-672,749
713,-211
139,-558
-764,-500
-825,325
669,761
-477,-712
806,-947
-813,-905
-124,345
474,185
-555,-800
-132,234
-720,-159
-929,156
-357,-472
252,-118
665,-131
144,86
122,-388
-747,367
573,-781
-396,862
416,739
906,355
-136,476
-997,-835
559,-843
-483,-341
190,-861
-240,756
827,724
410,378
-32,-105
-483,-206
754,-183
-541,81
320,282
-711,584
-108,459
-117,373
129,-454
695,344
609,785
-197,146
-872,-390
797,-172
-431,-350
-772,627
-383,561
-231,-602
349,-195
-971,-964
161,-865
-130,185
461,862
326,981
-479,577
221,390
231,-846
-556,491
826,-613
-614,-758
357,-606
-899,-983
177,-464
-830,-502
-419,-43
734,-850
388,0
-422,607
473,-905
524,298
536,741
251,71
115,647
-560,649
-227,456
-794,-329
952,61
-651,61
479,-1000
775,3
650,249
-17,608
-367,31
919,304
-514,-536
84,-167
-725,-477
357,856
-919,443
-105,929
807,834
-547,-284
377,-911
-892,-243
592,550
673,-306
704,-760
988,-808
150,61
-392,352
762,-681
-347,852
-175,484
564,887
59,-151
22,-78
-705,-221
-699,-570
496,-750
-256,-379
-983,-637
339,-559
579,-897
868,58
579,-873
832,-547
707,-274
-240,815
780,692
-772,-271
-831,825
458,64
476,953
-126,-190
292,-599
-249,-12
893,703
486,917
830,-405
-536,-945
268,32
273,115
-289,-64
194,241
-495,-37
904,171
647,500
604,693
-409,101
219,360
-717,-845
248,-637
-861,748
317,899
423,-668
-473,-664
386,-44
359,753
164,926
587,201
300,888
184,144
-948,310
219,625
-293,948
-885,-32
584,590
888,-70
178,659
-486,97
833,564
-361,-589
-29,757
-872,-258
949,612
89,675
2,-107
-507,963
-807,-133
-757,875
941,-931
-35,-432
303,635
753,-496
-16,-403
843,-928
-270,-293
-106,666
-352,-469
357,462
187,192
419,-183
-480,-356
-510,-524
217,556
-387,217
-183,-38
414,-42
-121,-550
-707,-477
-515,-922
14,-803
987,70
-334,-910
-254,662
187,808
114,-861
-581,-239
339,62
309,-26
-162,-406
196,-159
-779,991
-110,-32
-346,702
-983,943
-613,747
-984,682
-839,-729
-734,-53
-957,-300
669,502
72,463
-250,649
-134,355
145,57
-62,-396
-339,66
-103,-265
793,-604
687,-219
0,-455
-164,-686
-369,-362
959,903
678,225
-179,-603
15,75
753,-227
-13,36
218,90
99,-514
-483,195
-479,-133
400,689
-957,248
141,902
510,839
-119,627
930,-839
-211,277
-392,-186
928,-745
460,-296
165,-990
-83,-497
327,136
-72,-706
-115,862
-786,760
-520,-214
863,-659
-589,-39
-474,751
-609,-172
-159,-638
-221,922
-918,180
149,-944
-913,952
765,-614
-638,-490
-2,697
209,121
673,342
-175,584
-23,-288
-315,644
-470,-998
-913,575
371,-314
-281,-865
-676,-844
364,-669
-666,-300
-668,-104
-82,-324
-355,-135
-961,733
421,-209
-790,575
808,-476
793,-280
923,912
-113,-34
-507,-33
988,992
-154,-148
893,644
-446,142
-964,397
-788,982
386,-586
-594,-170
246,669
-530,103
471,26
-613,162
-979,-437
267,-765
289,-495
417,-715
-445,-278
-46,-747
526,824
31,-59
496,896
-217,-399
-239,687
-325,182
583,-350
430,-972
-481,69
843,280
-711,-350
-655,343
-218,653
-462,-500
-151,908
-437,773
-324,354
-917,-127
-211,-580
354,809
87,-954
-144,-138
684,425
637,596
-843,-443
7,492
157,-332
443,-784
-457,-626
98,-194
-495,-500
251,-576
199,-900
-886,-240
-667,-624
322,-31
-153,-379
-8,-863
-355,-378
-479,-981
70,616
-240,-303
-622,854
892,-352
770,-167
818,-345
-224,-472
698,-728
195,910
-17,-566
622,898
-101,-857
208,-226
917,429
-564,737
-884,526
-368,-764
-291,654
-656,-913
89,464
412,-883
313,571
-681,-703
-983,508
117,206
-663,74
-351,-968
-858,465
48,-442
-164,22
-881,-935
395,826
613,-690
-53,-504
817,-213
690,187
-635,464
860,278
-796,298
-390,246
453,-903
694,752
9,921
-437,634
-917,-370
883,647
700,882
413,269
-309,-839
866,-621
-706,354
642,32
-917,46
-842,83
-139,624
694,-686
-188,-739
-30,132
851,-42
-996,455
-456,670
-297,164
729,-689
717,191
-130,-424
718,730
-862,-598
-299,-11
34,410
40,885
-138,-900
-734,-404
-137,-66
96,-670
-841,-855
-722,646
-175,-553
-622,551
388,-810
642,183
-866,109
237,-620
144,901
965,112
422,935
-614,671
143,647
346,263
647,182
-150,763
442,694
739,-277
24,-94
487,-274
421,-916
-926,162
416,-830
324,379
778,-115
275,-788
354,735
-878,-164
-842,979
509,307
504,-396
899,-35
567,546
312,-472
843,535
-976,408
-917,976
-414,880
156,372
-482,-159
-184,-188
223,959
308,-30
-139,209
-313,-716
-608,-78
171,-420
-62,-498
596,-601
-753,441
-261,-596
966,978
-184,-125
-858,-626
936,353
-312,886
602,779
-596,924
832,917
-275,-795
92,268
411,808
-377,-635
-529,-963
984,456
-152,-804
-905,-943
533,29
-788,-428
901,-238
-18,-417
546,-956
-315,437
-62,-845
-270,308
499,459
280,-770
426,541
530,519
-886,-87
243,761
-29,405
223,-91
466,511
809,-104
63,-964
119,710
-279,992
734,924
595,-233
301,-827
155,-623
-245,246
60,-627
-360,146
891,-141
435,98
-124,-655
408,191
873,-426
322,-569
-60,746
161,938
-709,487
520,763
-687,383
115,-712
657,-819
789,-570
-46,-861
106,862
-857,-380
-941,-155
-983,-241
-28,226
-172,796
-411,-963
-56,616
-693,599
761,873
19,279
671,-690
-776,-760
-595,909
-662,-537
908,810
718,704
-534,154
-40,-21
-625,-852
-748,-681
663,263
-851,-686
20,-214
-129,-350
315,217
592,-557
630,-985
171,-572
-265,-746
-108,-108
675,-370
740,-840
-857,374
-101,624
534,928
31,183
-330,-624
-399,378
310,858
-38,-478
508,861
2,516
7,-337
739,137
-540,614
-96,-22
-824,164
-11,-933
-330,330
495,74
554,-989
579,-894
-562,79
-71,-605
-978,-539
217,913
644,-211
713,263
-211,115
-803,-269
526,362
18,916
31,-533
900,-4
-16,957
-209,95
387,-26
5,712
-370,-538
124,-677
285,-403
65,-422
-810,712
-277,-14
-519,-880
-140,-311
-9,908
624,-629
622,-891
657,850
-287,872
824,-599
-862,884
-441,-827
714,-861
-332,-490
-959,-691
189,226
-982,-362
413,-658
-475,780
-402,634
70,284
49,-283
180,219
197,785
715,-934
30,431
441,-631
-111,-309
-208,-491
-539,701
-537,880
756,740
-372,930
-518,-5
702,627
-663,533
-558,926
-183,48
920,213
-222,669
-282,-880
80,248
160,56
-999,931
-627,-815
768,793
-554,233
533,-11
-692,-153
-871,-70
277,506
555,369
-188,-458
167,-352
-906,343
-666,368
810,-845
-903,-605
-93,692
955,589
397,505
46,-340
-968,375
539,-780
-455,663
20,-564
-89,660
453,-373
939,734
995,-507
400,349
217,326
239,-329
687,164
-833,-937
108,597
-274,-867
-484,797
-517,416
-927,870
99,241
-633,685
748,-325
700,742
-643,161
-270,56
532,-741
-87,-334
-944,225
807,201
-935,-418
775,669
673,-245
217,-100
-62,73
406,-168
30,204
-815,-70
38,326
444,-595
503,-699
-689,709
556,581
601,319
-762,-576
392,-401
352,150
674,-537
956,56
850,294
495,-482
-644,678
768,903
-268,-199
131,824
-476,493
-82,-190
-963,-367
880,516
346,-977
-547,521
-449,587
501,-730
348,-10
-28,870
-487,-878
866,990
877,-569
-15,670
31,-407
969,77
796,-504
986,69
-842,657
263,-52
-518,188
354,952
-959,-355
-368,773
82,134
-623,696
735,980
-422,-973
21,830
322,-39
583,-312
344,849
-77,717
18,870
121,936
-30,-74
-280,132
-489,-300
212,163
-635,-326
135,-3
13,-726
870,-557
556,-181
-726,-880
258,-732
-365,695
912,676
850,-389
84,561
593,-731
-667,711
-629,-647
877,227
624,548
-158,465
105,-567
-866,-316
332,-605
-470,-397
273,-225
-605,864
998,-587
952,-583
-666,-414
-769,-4
-238,-505
-63,304
-928,-313
-838,-517
-61,439
-415,-870
-485,-398
349,771
-94,-356
-313,-865
-774,269
-490,678
20,-451
-347,928
208,-409
945,125
-936,-856
372,625
-810,588
817,734
909,-604
451,-790
566,50
471,139
-941,-154
-972,808
862,-417
-710,-342
-711,-611
234,-265
25,-316
-132,917
-289,-54
-42,401
460,-888
-603,41
-54,832
-134,527
-546,-65
273,-973
639,-668
394,-828
-28,676
-598,367
61,-95
-182,-779
835,602
351,460
-1000,871
952,547
-931,210
167,85
690,-273
-723,108
228,-344
-592,-971
76,495
-576,984
-510,485
-672,-75
634,-566
-326,419
-96,932
426,734
-34,-353
-502,-359
-248,-431
999,787
-163,-72
-117,728
27,-115
275,387
-569,585
208,-93
-255,-594
-724,-839
-27,-291
-853,-889
905,-358
-659,-550
-521,-898
62,-950
-951,918
733,-414
757,-531
989,-435
-249,395
-142,-750
332,972
868,994
432,-114
994,296
253,548
-94,-522
-462,-357
-715,253
285,-53
-960,-172
-70,405
-220,623
-868,118
520,605
788,-570
324,75
-514,469
966,454
-733,455
680,-650
-973,-815
520,-904
281,-446
-474,-545
-333,775
-658,-142
-667,961
989,103
-347,-228
979,-655
706,839
967,505
742,-11
762,401
0,820
-477,-28
-506,-630
-828,708
872,699
-294,-44
-418,72
240,944
-200,767
364,-735
-130,-527
720,169
-186,-552
675,-834
2,-196
628,842
855,-474
-396,-164
396,335
-117,647
-507,-204
-98,-349
-382,-340
537,532
-832,975
85,-399
909,43
-527,-653
-507,-556
911,462
922,631
193,-633
742,780
-425,-793
-747,-535
621,-557
332,-638
949,-706
-541,507
-279,-414
-323,-279
-993,178
379,494
847,-932
-948,494
-493,-359
-192,-153
-770,-554
-803,262
801,-840
699,-754
735,25
29,141
-981,-676
-314,941
480,-257
617,-22
-282,331
-8,-804
912,893
-889,808
873,213
758,-183
-342,-899
354,-414
754,880
57,-32
155,-611
651,-52
747,230
-667,-662
120,618
-351,-680
-383,-900
474,954
997,402
-411,-3
293,-235
620,-674
228,119
-771,-544
-759,-462
185,-846
814,364
-661,473
425,-50
962,733
435,-749
292,-766
-92,339
-264,37
465,-327
-41,-59
-140,-65
-666,-775
248,-306
-74,-873
-86,-356
393,-811
711,-924
627,456
303,-904
-268,-602
-732,292
-578,-290
-649,-435
539,927
444,-670
819,162
654,579
-334,945
-243,754
-571,-142
587,-345
527,-536
21,300
571,-985
765,-477
-882,-186
439,-426
-56,338
-187,-708
-376,751
380,-565
642,-225
335,-83
-988,-430
-31,713
744,550
76,-21
550,-629
-813,-365
677,798
-290,-192
-578,206
-67,345
695,220
-327,-646
-554,791
803,-146
-893,493
-551,402
-462,628
358,-5
962,-818
159,-391
122,203
946,-120
-200,99
-358,42
866,959
380,350
840,-88
155,66
-842,-501
470,765
876,842
742,696
-141,325
416,980
72,-179
579,-566
608,542
-909,-93
-640,139
282,-167
968,970
-360,196
542,189
-980,169
302,324
200,742
238,-905
-8,275
-252,299
-582,917
15,-732
655,922
924,-588
26,-857
-637,975
-514,46
-714,-750
-221,-807
-841,-865
658,-505
-113,582
105,-447
88,33
68,-604
590,-410
732,147
-100,940
-283,-735
-310,992
-420,-446
353,-175
-116,468
-95,-676
-228,-117
-916,-909
-199,983
-101,545
197,-882
-873,-335
289,-547
-887,42
-316,-894
829,98
-255,-390
162,-964
568,994
960,157
322,624
-534,-99
-890,-830
-711,164
270,-585
185,338
-105,-895
458,381
289,-687
-478,-362
900,-826
-903,55
588,-221
-87,846
798,-115
-84,-222
663,-957
141,-999
758,636
969,797
799,886
572,-63
-797,-487
120,-923
-311,-136
397,118
714,-237
954,152
788,641
121,575
880,-654
210,616
292,313
-734,878
-830,-218
202,59
198,198
200,-518
-630,-426
701,-216
969,-992
-507,-729
287,-222
910,91
669,276
533,-369
210,-923
-182,244
-510,610
-517,-277
-735,644
-180,-343
-39,728
744,430
-938,-629
209,776
-587,-818
-174,-640
904,431
351,-341
-891,-32
407,175
-218,27
960,-829
891,-629
807,157
977,596
-315,202
-597,660
-74,624
-535,92
632,281
626,-940
-624,955
-885,819
-75,-620
-822,-835
-52,421
225,927
617,-845
101,-614
979,-350
946,409
-658,-817
539,-547
873,54
323,405
875,510
-682,-260
-388,-326
877,-66
33,66
-375,-278
67,-275
-546,392
-330,737
859,736
-665,-682
841,555
448,229
469,-154
315,-698
715,520
-613,-963
-636,134
-602,777
-989,432
-236,-334
996,257
-359,71
755,888
-592,165
-671,-176
991,-919
-376,-1000
-954,351
-37,-564
-517,-473
-891,-200
899,-637
-338,202
102,-614
-124,-793
-269,599
308,512
542,975
568,-338
603,-72
-843,-140
22,-11
-856,189
-697,943
-451,-249
-470,-325
-197,-963
731,-599
-306,524
307,-310
849,187
346,743
-798,-176
-636,-792
679,425
-91,-498
655,-539
484,634
-71,507
387,-936
-812,-255
-958,639
-687,-756
833,76
115,269
-101,84
-884,125
87,-122
-798,390
-240,-162
33,-699
720,-663
766,23
-617,505
-630,832
-198,-688
-174,367
-171,-608
-980,543
-494,-261
-304,329
-988,58
-847,-995
455,439
963,409
-929,-42
603,539
-67,896
-919,-681
-978,499
31,-97
-655,-579
307,-652
612,340
2,-374
469,684
863,923
-533,-860
310,739
82,132
718,-350
-250,-97
321,709
587,256
509,281
-396,-28
-210,-648
274,222
-184,561
-203,759
643,525
-768,-555
-396,-253
-538,-275
349,-358
703,-918
809,-111
140,-817
317,75
-666,-269
-304,-924
154,724
441,-849
-598,-885
-390,-723
445,0
797,759
-459,251
502,-236
267,-307
-370,611
339,44
149,845
369,522
-922,-41
-550,993
404,712
-491,896
233,-824
-543,-66
-246,570
-87,-331
114,-388
479,-914
674,-64
283,-608
-468,3
-660,237
-217,-860
-977,86
-365,883
576,413
-203,-823
188,-164
548,-626
186,-175
-773,163
-977,216
-610,-534
973,291
424,-83
862,15
-795,750
-797,-184
52,-770
581,-43
664,68
275,-445
251,-277
-443,-911
155,619
-147,-519
404,835
-314,711
-717,-247
-233,154
-482,-25
555,-830
-316,991
433,-622
-603,-364
135,-939
-548,-750
671,-907
627,-691
-874,-379
795,-203
475,-385
27,-769
87,415
923,-391
-572,-572
-502,954
849,465
627,400
-258,19
-110,631
-970,987
-919,-830
826,-193
-878,912
176,401
877,-348
-418,-60
765,332
-271,473
549,-186
-157,878
-578,116
731,803
653,271
-764,-167
815,205
892,-97
-692,-940
-845,853
-15,-233
8,541
-303,-537
541,948
580,180
-546,-528
-361,52
702,270
-769,-585
-908,-397
712,-307
542,-964
174,920
-419,602
104,508
303,388
-282,869
-189,501
-364,-322
-837,-892
206,438
-415,-722
-198,660
-89,-212
750,-623
623,971
226,593
-640,-885
-532,293
-463,-616
-250,-312
803,914
-865,-171
596,407
12,469
456,-268
222,-493
363,-735
86,989
603,-101
808,-12
304,-544
-985,-701
564,-451
678,679
-562,639
-691,-469
-339,778
-4,694
278,-947
-47,20
-964,-784
478,-620
-711,-691
-860,614
934,74
-812,-116
302,-533
51,-849
-54,957
816,-428
-520,-455
922,859
987,-444
635,-698
0,527
-486,197
58,224
577,138
660,315
551,-701
-622,866
-639,362
-361,207
-63,721
650,-933
-786,-46
-451,93
-82,579
233,90
117,-916
-522,-239
645,-288
622,-173
-848,-802
692,-402
992,-846
-216,829
941,-313
-322,154
872,806
249,-637
-942,768
-815,348
-406,882
-823,-672
-241,-938
513,460
600,573
-996,671
823,691
498,-5
48,-659
355,-406
759,970
161,-769
36,599
-480,-205
883,-207
-916,-575
195,-467
56,-480
817,241
884,-598
-757,-127
-805,892
-100,445
-271,-346
541,-722
-431,153
-893,514
494,884
96,-184
823,-441
-963,-155
-651,-225
-433,488
963,435
903,106
-441,-301
-846,771
-640,-9
-165,847
427,541
-405,-830
387,-601
186,-571
-384,-274
-459,897
913,-33
713,-671
278,-812
-743,-31
358,868
-645,755
829,276
-458,909
980,107
706,38
67,-784
395,-143
-945,-790
41,-85
356,842
60,-492
-203,762
-244,10
758,365
959,-314
-503,4
554,941
-823,-33
-782,-247
802,-502
668,-428
317,-355
-591,886
944,686
773,329
-239,-775
439,-904
776,-714
-28,233
929,-147
791,389
-916,452
-365,247
272,849
583,838
482,-581
-748,477
130,-970
9,-791
-117,-83
840,947
-797,190
-332,477
38,716
-581,-274
-909,-555
-326,793
799,-578
-736,-646
135,376
709,-147
-182,251
47,482
166,-946
-377,283
-650,-333
-208,-591
-805,705
537,-78
-427,567
665,568
792,990
-44,-151
454,953
972,369
970,-312
-984,493
362,404
-996,-915
610,51
-714,-114
931,-9
627,-390
-879,214
-717,21
-676,-188
-854,-406
-959,435
-785,-807
629,373
496,777
-479,968
187,-310
195,110
723,-195
199,1
-699,594
7,397
-122,-113
941,-937
-80,169
-88,584
896,-468
677,536
842,62
-979,16
773,-565
-337,407
252,260
641,761
-911,946
-967,-326
190,-66
750,271
383,88
490,441
713,-261
-761,513
773,-699
-2,803
-404,916
-245,-525
813,-845
-881,153
-74,-768
-264,481
-14,-393
447,-456
40,185
-110,-302
832,124
-931,-691
-663,786
475,569
-189,-375
894,-374
-381,-626
-45,962
-33,-155
816,-607
119,-475
-991,-590
-726,-440
-733,-41
-382,574
-403,878
407,-423
407,-881
-249,-430
277,207
-357,-373
-938,-634
565,322
-120,-375
786,-939
385,-602
713,3
726,-116
965,363
-233,111
542,-661
131,996
849,-192
704,246
-594,734
-574,-216
-227,27
-305,11
-646,335
67,-282
-841,-532
-683,140
141,-673
126,-486
-423,449
-609,-342
527,-240
-945,-959
129,-539
787,-390
686,532
223,979
20,-538
-570,223
-95,602
621,-785
841,-802
-12,-632
-250,-996
478,561
-6,827
-377,-754
375,237
-74,-320
-352,-209
830,-915
-746,-827
764,-130
38,-56
-692,-858
273,776
-444,733
-158,-92
-371,653
-333,-222
120,-691
-395,-617
839,-85
918,-374
539,226
472,230
-83,425
-486,-252
-17,-670
-448,-886
363,489
-47,702
-588,-218
-147,811
838,937
-607,-823
-551,252
686,340
-233,95
-795,341
653,-440
672,836
-239,23
334,-512
80,-751
-926,221
-57,325
538,-13
747,-521
-112,487
-656,-234
-328,-567
-376,981
-151,-158
-995,-443
97,806
812,152
101,345
-475,-474
456,-263
-293,-615
-223,253
-420,273
-900,-771
-220,625
233,225
-380,833
-63,383
-615,-390
201,-960
777,-411
-274,-474
-55,196
-277,682
-262,-878
-590,900
-640,-456
-74,-446
-127,789
94,-426
-209,-718
-432,821
-567,-703
753,-581
949,-493
-464,-174
-710,817
-275,403
-843,-162
601,-689
886,-957
836,612
-756,-493
-871,122
-437,-481
-523,-540
893,288
744,-837
949,505
987,-539
142,-43
949,458
-710,423
-389,-774
-991,391
-866,169
-994,-771
231,-784
-650,176
-158,100
714,304
512,-290
545,-519
-580,-652
142,595
742,906
-8,-481
-304,-752
-234,-495
-713,-960
745,4
756,270
43,-179
339,145
392,918
-787,474
-30,529
-61,21
311,-341
-116,-233
-190,-964
-526,349
78,586
-552,-861
-194,-679
740,-914
-179,344
-347,-971
365,-984
-916,-55
76,-391
709,-964
260,980
925,612
738,-219
563,851
-541,-253
353,-693
-411,947
-236,761
624,337
-58,-247
-123,-63
541,467
246,60
-601,-375
-406,-483
914,-894
399,458
-6,-497
114,-286
282,-944
-690,-314
-684,-881
115,-367
239,666
-270,267
-786,-760
93,-754
-326,475
-597,77
-376,-611
-696,498
167,-207
177,376
-574,436
270,-29
44,-800
701,136
608,-231
437,521
-5,343
336,753
115,-826
-956,-634
525,410
-765,-688
266,-16
906,950
-24,13
682,-433
562,873
524,66
914,-27
58,715
-607,-129
-58,74
-629,-394
479,-396
-140,470
-86,676
-887,863
-308,797
-621,-58
-373,-421
-710,602
-736,504
727,212
603,-905
-893,372
-802,816
-691,585
-583,714
-279,-719
396,-833
696,60
971,-76
-40,969
-883,-8
-644,337
-331,651
129,-575
197,436
211,-261
167,929
-468,512
-995,926
719,-497
-982,-589
-124,902
-245,-333
-863,532
641,-703
859,831
98,-974
662,-126
502,-37
630,-661
-925,487
744,408
524,-880
-197,787
-901,953
824,981
678,-498
-377,-912
993,279
-213,-510
11,-393
-509,-419
-731,165
-807,-95
809,-497
-23,-64
406,534
346,-31
199,321
-806,-83
-814,-353
652,-595
-487,-476
-872,40
983,-948
474,376
487,438
-558,238
436,-73
761,-808
488,610
245,-243
874,78
-912,-368
949,-134
-335,510
92,-655
854,532
-813,182
714,928
-462,647
282,-951
742,-197
265,699
328,529
125,-448
-704,998
679,866
-200,636
-401,-167
-743,-904
-687,828
722,-586
480,-365
-246,-161
482,789
632,243
642,-154
794,-878
464,359
962,929
130,-508
-132,-76
941,-877
977,-73
-564,149
745,-632
-47,-971
798,-668
970,-519
-403,-756
613,-451
-117,-285
232,429
980,-926
271,488
605,955
968,937
-283,-550
-726,687
71,222
-555,-634
-53,301
-70,78
731,-864
-995,-561
357,-797
720,-466
-302,-666
416,928
937,377
-618,397
-527,339
15,-188
634,6
931,187
-838,-679
-959,361
356,409
-571,-897
-901,-263
665,458
270,-347
-990,832
-819,684
-547,-659
247,-645
518,570
766,790
605,343
617,101
-957,-499
268,749
317,504
-325,219
-173,-967
418,113
-760,401
545,-311
-954,71
366,991
-603,44
-346,-244
-565,-735
-772,749
-40,-979
666,-798
132,-960
62,258
463,870
-956,973
565,560
813,-59
-859,-73
-843,-325
198,-17
353,-96
668,338
-644,962
607,-977
-555,-434
395,-426
332,370
969,658
79,-391
465,-758
621,805
-819,-673
585,-360
-580,-373
275,521
997,182
-787,26
648,-497
-846,174
804,-595
-441,188
61,-561
975,-883
-601,23
-401,550
-814,318
243,712
-631,615
725,175
324,231
-679,636
169,-813
532,531
433,454
713,-258
-323,-974
-272,914
-710,767
-502,-855
-599,-521
705,777
-21,479
453,-606
-694,-228
566,-272
996,-249
-95,842
-663,-784
-871,827
516,-877
-534,768
529,162
828,548
-928,788
-79,802
675,168
-336,-797
543,-646
560,365
-743,273
416,-767
-360,941
990,-725
-590,-8
356,-727
731,236
974,114
-697,-398
-348,32
-180,-299
-946,942
225,453
671,686
205,-98
-594,768
-398,-185
-257,744
674,518
-176,161
459,748
997,337
-339,-426
756,-884
-337,-60
705,797
-695,-227
144,-712
38,-850
-123,218
430,-251
-35,485
749,-51
-780,-616
178,-254
-580,35
-700,-952
-980,-540
-518,-557
262,-602
-355,101
-581,311
778,-646
235,826
-272,454
-869,-252
350,618
218,-962
939,-353
-656,-7
-211,374
432,813
-617,-995
445,-942
517,958
-474,120
-184,-147
898,-227
-154,304
-400,-245
-812,727
47,754
-419,93
-14,453
-322,-328
377,881
-788,462
-814,-350
-750,-366
650,-2
169,221
40,-481
-556,383
-789,946
118,90
488,-227
216,573
-984,-753
378,719
-266,-45
-890,868
122,762
-519,-620
698,68
67,139
432,589
653,917
-778,-183
6,359
-841,305
244,667
-184,-318
846,-770
-868,-672
393,-428
-169,765
468,-627
973,-131
379,659
804,993
-411,-970
671,-166
-924,605
321,759
-136,638
587,207
-867,11
821,906
955,-204
-500,-915
483,-40
965,787
535,-496
-527,-627
175,928
-302,885
630,-797
368,965
460,983
726,796
-485,-444
397,-82
45,-484
269,55
-973,608
-729,721
-540,-199
-469,965
907,-621
583,512
-120,-92
-556,-89
-65,-859
-409,-294
463,876
396,-7
-453,191
-496,193
-315,782
19,-531
124,512
-723,-980
497,-716
778,339
529,946
-388,348
-65,-628
335,-79
381,833
9,-213
-916,10
115,882
789,292
-24,-673
-566,24
-729,-242
-184,-999
673,-48
-791,167
131,-480
-135,717
-220,27
-614,-138
936,-717
-990,-768
-933,654
-617,-809
-868,-340
-534,831
737,-253
642,619
-998,-569
-828,248
299,-572
567,-114
-408,714
571,-926
625,-332
547,292
270,-21
341,-880
829,-366
365,-520
-701,-625
71,-769
118,276
-707,-294
-748,452
-70,830
-232,822
837,199
-528,-342
-768,-380
399,-27
89,691
821,220
-77,-973
861,-166
101,551
648,976
-917,786
-218,-48
906,242
-480,-611
85,72
-855,790
-376,-988
630,759
826,-243
-473,709
503,434
-319,866
-970,-710
653,-665
-571,280
-310,-133
-761,846
586,-208
643,-790
373,-841
427,-274
-705,834
680,-756
838,695
68,-699
438,683
295,368
410,58
727,938
-872,553
697,-384
-640,-128
389,-171
-94,802
-713,-691
-131,-887
606,745
374,856
-550,-718
322,-455
-351,530
30,421
351,-822
744,609
-22,462
537,-214
684,779
-682,392
355,-416
-134,920
-792,253
75,-273
-552,-531
-917,-10
-799,931
-930,221
566,-837
-234,978
-40,564
104,252
908,737
-660,-230
-981,-247
116,-115
-175,-972
-954,128
452,827
358,-398
-639,-143
98,-773
634,326
-213,-442
-825,840
429,-72
898,756
216,-728
915,172
-471,860
-521,-663
-533,204
-427,621
482,-470
-64,386
-806,-617
-402,763
95,-469
611,711
-792,509
-178,-106
-909,-14
239,586
141,699
956,427
766,-691
91,329
-293,-246
-901,609
-766,-985
-901,804
531,698
-161,98
-465,-631
967,553
-91,986
-755,-292
-308,554
-417,658
-613,-62
751,608
216,-23
-887,-609
-462,674
332,628
64,-284
-304,-602
61,-703
241,-816
627,945
80,600
827,162
-259,658
-499,-297
436,140
-299,597
848,-887
-650,28
974,-37
-84,-289
60,201
845,-426
-638,-280
665,-860
275,-115
275,-506
-428,196
-767,789
-389,-398
-656,-36
128,-895
458,-265
341,17
666,993
-541,92
-128,-674
-818,-959
-547,-276
-905,658
-482,368
-400,354
-887,479
-760,268
-822,149
-667,-334
-450,249
476,166
955,170
233,-735
276,-298
-710,238
-345,-282
925,-104
254,276
779,-935
104,-896
612,-885
-949,-236
-271,-374
705,-274
-321,-618
295,291
227,-294
-337,-807
530,52
407,956
665,-832
587,805
12,567
-982,-407
495,-664
65,788
-185,-586
234,786
-174,827
-188,-168
951,-812
-641,-536
-779,-114
992,959
734,736
673,-791
-575,-599
216,-617
-258,372
150,-135
880,581
-507,-726
-258,651
-401,846
-104,322
856,753
606,-439
452,876
81,-457
521,920
-410,885
619,-827
-686,776
256,542
-771,-955
881,286
-705,65
213,-903
-280,569
407,-834
-224,-942
625,499
863,506
-795,142
20,281
-785,895
916,-781
534,580
-601,681
628,378
-901,530
158,165
314,181
477,-292
93,-224
-608,-164
-698,-774
-194,305
-300,777
-996,438
-102,-589
-838,400
576,913
494,298
-14,-684
136,-494
730,-842
100,325
-979,-73
-698,-915
-153,-165
965,760
683,-753
-257,-680
-652,990
-485,-164
-221,-460
987,455
-120,982
-360,-130
656,823
467,-310
-393,579
675,-111
-927,303
-33,-378
-823,275
-526,981
236,-665
483,-729
54,-158
461,648
-550,-968
-982,545
226,-117
-638,856
-248,180
307,-8
-273,508
-683,270
-179,149
-277,-976
-314,735
-42,950
-705,-521
-844,-515
318,-181
-368,-310
-449,-248
564,-398
168,966
684,377
-190,490
456,725
-253,428
856,-836
211,-425
-675,582
-449,-839
-329,-459
757,350
567,248
-997,643
235,-874
208,287
950,-434
-257,-654
184,898
-281,-356
-790,-957
-920,-33
439,381
-926,-826
-674,541
-185,600
-322,-443
-969,142
9,84
-652,31
-600,-619
828,-988
-939,316
264,-12
483,369
908,-846
-480,803
-646,313
933,246
-448,371
-543,208
-454,504
552,-852
151,-22
-465,-324
-972,431
-943,-772
-983,939
-819,795
-147,764
400,185
-916,594
-800,-774
-160,-442
-716,907
-249,-700
365,516
188,275
381,576
-598,785
909,-764
964,704
611,-503
-97,234
-44,710
-442,958
541,859
382,30
-567,-946
-255,-627
-172,-373
510,-955
633,-871
884,707
-975,-33
358,140
394,-253
82,64
-847,397
-553,230
607,346
619,29
-509,-884
963,968
229,-94
628,537
-620,509
140,288
533,-819
-391,780
144,77
852,-847
75,-580
948,41
432,68
321,907
9,466
255,-665
-280,982
-394,541
904,-891
861,-29
-406,94
-905,331
248,-186
-697,785
110,-48
-738,424
-259,-852
540,-306
222,-670
-41,414
-928,-724
-471,-355
164,899
403,-564
533,586
519,920
576,28
887,400
343,117
628,160
446,513
690,391
-148,-567
674,339
883,-626
371,533
-48,379
609,516
903,-271
897,-597
-865,-466
593,-719
43,388
-692,-193
-947,-18
699,-146
630,-701
136,-925
256,-172
-90,-111
317,923
633,-22
-817,710
607,-330
490,683
-492,897
702,466
-477,369
-898,426
981,-635
574,178
379,-675
477,365
357,-804
201,65
-476,669
-524,168
-103,-648
765,35
948,-529
-661,905
964,-415
-889,451
275,576
423,-118
405,483
-475,-837
639,796
-351,625
655,-929
458,-424
-362,165
691,47
-860,512
352,804
14,101
-387,312
342,-265
602,973
-247,-557
48,125
926,-865
-577,-747
-319,-974
-970,0
-70,-117
-566,-940
-951,151
622,473
852,375
-94,-688
-177,-123
-274,-480
194,98
139,-192
545,736
969,-363
212,403
-389,-1
-149,534
963,611
-977,-748
-830,-459
-166,207
-287,280
-584,614
948,-201
171,-193
-986,565
-132,-598
-507,-247
-254,835
-71,-736
-972,145
-951,-430
750,982
-480,-331
-367,168
-363,708
-287,-156
434,263
929,752
-973,-84
801,-903
-53,-968
470,932
961,964
-299,-462
340,85
-680,-511
285,-907
-425,218
893,-487
-905,361
-641,-12
414,-208
-301,124
593,-465
-323,-310
158,785
-464,-290
-423,722
63,-170
376,441
-934,900
-827,-651
-954,-972
932,-994
741,704
796,-617
720,-602
-666,200
-444,119
-165,515
-9,-754
598,967
-666,924
-84,226
669,189
554,-65
349,-588
458,-115
-502,-494
-992,-469
-448,931
-61,-663
-318,-158
-478,813
815,548
-607,-697
761,240
988,-632
-301,-905
-815,-924
207,413
-19,343
780,-699
-35,-478
102,179
427,-764
-856,-406
698,846
-722,-88
519,825
-113,372
839,454
528,-372
-807,-273
-969,87
465,-264
343,597
-321,-284
354,-184
-491,-199
497,-542
-698,25
452,644
-863,-351
-176,-776
698,595
-713,75
146,15
-814,949
780,-149
956,859
-464,-12
639,268
483,-992
740,139
-520,-729
38,631
829,226
-488,771
452,255
-793,-787
-873,496
125,700
271,131
-899,-444
-79,954
236,-23
-176,2
814,-673
746,308
729,764
613,-365
794,-527
-146,655
69,-868
-673,518
925,460
760,902
-383,-618
29,-318
-866,-627
257,-880
-506,576
442,-398
58,630
-492,-860
701,399
72,684
-757,-600
-136,0
76,895
-944,-944
570,679
662,357
588,739
489,386
-17,896
-595,484
-140,-802
-884,220
591,-550
197,-263
-520,787
-831,-185
118,710
293,906
-229,993
-785,394
-652,502
226,54
587,444
694,35
964,-4
-305,905
-944,-968
163,541
96,320
-365,971
-280,-434
356,-833
-917,-631
-612,907
343,-903
514,822
999,-361
44,-636
-871,-146
413,-435
-222,-205
-871,-499
-579,-373
226,683
-116,-894
860,52
441,-662
-464,-115
-837,-130
-663,-593
-980,65
-513,259
295,-541
750,-499
-462,-150
201,-731
304,325
269,250
875,-930
-409,335
137,896
237,-261
274,-234
197,-211
975,-271
-320,924
-487,769
-444,636
-735,-146
-421,-489
503,-1
-890,576
-732,-136
-811,329
-501,130
-103,621
134,737
-816,-380
59,-91
-29,-366
-444,590
-514,-83
-584,-759
-320,-556
881,-626
-40,620
204,-509
-481,-530
-523,207
204,846
-887,614
489,663
509,-182
-773,-686
581,584
-694,836
-109,638
-621,8
181,490
438,-95
843,-466
-917,-586
441,330
-99,576
138,-101
-384,718
760,-137
-400,433
-176,519
178,-204
-757,-965
-672,747
637,-321
468,-568
118,-457
-621,407
-203,879
235,42
-554,-991
900,-933
-926,798
-257,66
-461,-34
891,625
-197,-66
-776,-523
-103,417
784,445
-40,716
876,772
433,386
-282,-545
-222,-649
411,37
-407,-134
-880,-85
552,-294
-62,906
432,-771
306,267
428,913
629,524
229,746
99,-770
851,-691
420,-788
458,-204
393,817
227,136
601,385
768,479
-937,234
-74,-638
-648,916
333,-439
79,-72
927,285
-840,319
-617,989
492,235
-416,753
-402,-505
99,-879
-494,43
55,502
-353,719
-43,573
-142,641
589,83
566,-752
-946,297
714,-921
204,-171
206,98
771,427
814,-957
-218,-659
250,570
-924,-364
50,691
851,-180
-516,-51
762,38
178,827
-846,75
77,534
-793,-753
-397,439
19,-704
545,-117
985,-118
-748,-239
372,-965
765,-457
299,707
-262,-733
-340,661
143,-958
-459,-551
-766,281
877,-719
298,43
-452,901
792,576
-504,748
-941,539
785,-652
-345,25
-198,391
743,-341
-133,-613
654,817
451,-232
530,479
73,304
-78,482
-836,81
-560,-76
-706,-67
-419,-469
218,-526
-277,-635
-218,-521
349,-524
135,-759
999,66
932,279
-83,-48
-628,604
603,226
732,-329
137,2
542,-144
-926,-870
-101,811
-633,614
-81,449
-79,633
960,-493
861,-795
20,256
-95,-853
-336,572
944,81
-31,628
-149,-637
-252,-787
714,-825
-329,-466
688,-205
621,403
-372,-427
881,414
443,-700
-586,-269
-425,754
456,700
154,577
-506,583
-861,66
-785,-347
-177,-445
833,805
-57,-758
32,-607
638,586
110,-357
-398,924
-137,192
-693,875
-895,-451
901,519
-634,-250
512,813
-770,949
-897,-905
351,900
709,-782
859,573
530,761
972,-586
-188,-273
-844,-341
401,-547
-121,574
579,-770
441,-514
-713,-59
-2,570
352,950
796,117
-839,-410
-701,542
553,-482
-218,421
579,568
220,199
-384,967
891,-303
854,-838
355,521
795,-698
154,-117
-581,863
-291,-385
-838,-896
396,927
-763,-41
293,984
936,-758
745,-404
300,-801
-139,-628
113,904
582,-539
-605,-401
240,-522
-136,979
729,341
652,705
-916,-274
-746,351
246,-910
783,-303
-434,710
271,-666
204,762
909,603
200,687
-584,-787
-687,-923
579,-25
183,725
-184,712
-804,998
-710,-700
639,879
-361,-726
-692,-752
563,676
-187,-625
-698,166
657,-817
888,-557
602,-619
-280,7
-483,-387
414,-182
-65,-501
-373,-784
211,198
794,-611
322,-933
-653,-788
771,551
359,-906
-154,920
-202,33
-352,-582
-920,638
-991,-146
-447,-189
-381,-972
551,270
806,-444
-105,73
-989,669
522,-618
-79,-254
-986,653
-447,-101
927,211
181,-375
508,635
-532,-104
-687,-75
-344,794
516,-698
734,-53
447,-643
427,-860
165,-675
184,224
-839,900
701,122
-764,-863
248,-444
207,-829
257,115
27,315
-975,-9
721,-167
-774,-730
416,319
-954,615
404,230
-279,303
64,196
-402,-812
882,345
42,70
-895,-32
590,-296
-901,774
363,-502
783,-866
839,597
-254,-172
403,76
-48,-305
-846,717
-872,-817
488,-856
209,240
694,515
691,178
9,862
-732,660
767,270
-120,-665
150,597
-385,350
480,590
-846,-951
619,-12
207,-760
-397,-983
-599,-354
-283,-182
-464,-149
566,-289
-896,-53
92,453
-528,-208
-192,-281
128,-133
868,-221
-504,547
42,-258
-861,-130
934,489
-399,-131
483,651
243,617
351,-261
-443,-357
271,554
-449,-136
-359,-493
-378,-171
-865,-329
-713,-530
684,-821
-606,519
-995,-544
269,379
920,-956
348,-474
212,694
840,90
296,615
-938,-912
979,175
452,47
17,437
725,-272
-33,547
99,-478
-93,-616
538,-851
-587,31
-201,-68
338,-193
-479,1
31,-916
818,-830
592,-600
162,918
-106,12
-831,528
259,-464
201,690
-583,549
124,727
91,157
501,758
92,969
-773,941
560,685
893,440
653,655
638,861
550,-9
-284,487
611,72
-821,541
784,-195
24,281
-149,-235
-898,-42
-390,634
-588,317
163,484
-582,-646
-666,-163
-802,-71
-120,824
-537,-896
18,-977
424,489
217,-228
311,571
475,-406
141,111
-79,483
529,-231
-389,500
-187,96
57,275
-424,-923
-918,-328
582,-698
-2,449
-295,-254
752,95
-65,-508
-424,63
900,-439
-862,694
-834,-654
716,934
770,393
-903,369
144,-526
-735,-895
728,384
-414,602
-919,-854
950,-278
854,779
-818,-490
191,539
-264,691
533,-202
261,211
-93,-108
-466,547
-755,983
50,-387
634,114
-912,-942
771,-611
424,-815
-598,-424
665,189
219,-888
168,-824
285,798
965,-497
-764,366
-414,440
-87,-333
-785,-82
171,-816
-507,-477
512,705
180,-143
-930,-622
86,-532
155,262
184,-670
-994,-617
-981,569
57,-899
-241,-655
453,-183
-510,-286
726,-687
542,721
-804,-59
254,-611
-946,-989
-463,-471
414,493
86,825
-989,951
-384,-805
878,956
-917,-792
221,904
-246,74
356,-715
-739,-365
-924,-864
-787,-431
-926,-465
851,28
-800,-440
-249,925
-885,101
588,-232
-514,125
-281,-783
-554,-545
113,-864
-260,-377
105,463
-881,-144
569,839
-731,362
-333,17
685,-198
-385,222
-279,-224
-667,-733
81,760
971,-433
456,-136
-442,170
75,835
-802,-144
-66,251
-16,373
-851,-787
31,-411
945,307
707,129
903,-701
-169,-218
513,506
-258,936
-386,-335
-723,796
-721,-754
227,820
-345,407
-176,406
918,-173
-836,581
-246,611
-733,957
40,-767
37,102
616,823
-969,-929
-996,637
-929,-713
685,-425
-362,481
628,-672
-522,121
-117,469
-128,-812
931,-326
231,-309
-720,-298
-197,746
691,-132
-232,869
-829,829
-696,696
-90,-473
118,-781
-422,72
996,345
-547,-311
412,366
-562,-846
791,-686
660,924
-909,23
563,686
-18,-483
-715,-250
-287,220
609,295
-845,-910
125,-930
778,584
484,-419
262,-575
-647,-384
718,-507
84,-725
-16,-712
-251,617
-353,404
-624,-149
-477,-380
692,-670
-421,-663
-849,-773
763,-798
208,67
15,407
-270,-142
-650,9
197,35
616,0
-84,924
-617,-560
787,754
-163,179
-266,321
456,-710
467,782
29,712
-742,287
890,768
361,-570
-95,-857
-58,341
-789,760
-461,121
652,23
-397,182
-253,400
815,856
-942,-166
-200,167
-768,-230
153,-943
485,-16
-493,747
590,-72
924,-62
715,672
517,645
684,-753
-202,-532
899,-462
164,-955
-951,-158
-433,-939
-673,302
538,593
35,-12
-625,-371
-763,-719
-385,-674
-905,973
357,550
-303,669
-40,717
486,-165
-185,592
554,51
99,469
-977,-242
347,702
-833,-202
883,-65
493,-784
-18,-585
-862,-795
-214,516
588,487
88,-883
642,787
840,-424
885,472
515,277
-334,820
877,672
254,166
66,393
283,277
-468,724
-176,800
13,513
969,775
-832,706
-373,510
541,-612
-8,-693
-264,-596
-700,-386
622,219
288,-255
297,-30
319,327
-638,186
198,987
-89,982
964,875
943,-534
563,974
-270,-953
697,50
-562,108
478,229
-838,-316
-669,-350
817,-419
-109,464
161,-452
-151,515
-888,208
646,-291
-714,-642
62,-353
-552,886
-719,-971
-809,579
183,881
-695,400
320,329
420,116
-713,-414
-358,150
379,247
-708,169
-41,-153
445,-414
-6,810
392,415
744,681
-680,-895
758,343
15,61
-982,926
533,-647
29,262
837,-8
139,408
320,452
845,-647
396,-222
-894,-88
537,495
439,400
69,355
225,-71
-521,-392
916,323
402,-409
-514,523
211,-677
-993,572
428,178
85,-992
493,797
964,-484
-728,-831
420,748
427,-688
-130,-928
-587,-837
953,845
-78,267
-880,516
608,-924
-881,651
-302,-596
164,-966
-523,541
-731,811
367,-898
-306,884
-971,61
325,-526
-502,858
815,462
76,-230
-660,202
916,-174
-475,-858
450,754
645,516
436,-236
78,959
580,601
-17,-934
-678,-204
468,312
-144,-371
261,930
-724,464
-635,-466
552,935
-369,865
708,-839
-651,339
228,-877
-725,382
-344,-817
856,-872
-800,-163
-543,-949
864,441
679,312
-191,-615
-868,-848
-837,89
-965,256
-664,-64
-235,-280
421,431
3,315
808,-576
-261,339
71,-849
-882,-447
-666,580
-468,-283
105,-672
-175,-125
526,259
127,-243
662,297
-915,302
357,-208
-916,593
-443,-199
936,-74
364,690
-509,20
-820,367
753,728
710,-517
85,-982
66,-60
-708,-494
121,248
873,212
-447,544
146,-109
927,655
304,-568
-962,-865
-907,753
406,649
-814,-371
688,-619
-122,-649
-370,-720
-102,-45
-717,-796
-242,340
100,-278
804,-837
-671,807
577,-696
-430,-527
-220,-633
-653,-9
-546,-966
561,643
-677,209
-539,328
-242,-330
-195,-369
830,-860
-456,47
732,610
-833,518
981,-574
-459,-916
-577,409
607,984
1,-250
-346,-500
-692,545
683,-970
873,751
-225,532
-446,539
-89,-451
877,-116
576,-348
402,741
478,670
-489,28
-338,624
-834,566
-212,-454
329,-79
72,260
-461,686
894,-974
578,-380
864,249
516,-68
470,597
-898,717
547,-769
592,-991
-753,753
903,-249
-551,-336
245,944
248,-862
314,-408
-201,449
767,-925
-851,-735
105,155
328,-609
1,-22
-472,-735
522,969
247,-13
-501,-288
-941,332
140,-94
-91,-661
803,327
262,-141
-998,-469
-497,-677
-171,-998
557,74
830,-490
-168,-1
-632,-625
-711,-10
538,-459
-397,531
580,-995
816,-917
726,345
-922,-265
931,-360
248,456
-575,533
-459,723
-977,-220
-530,-336
-394,-306
-457,306
-759,36
-726,596
-626,934
137,-229
-124,344
-118,-606
-181,386
933,-927
784,-548
286,-551
545,-583
513,517
-91,-697
-424,40
876,321
543,-781
-586,-110
-18,980
80,-768
-474,-329
555,758
4,-108
318,670
-961,-385
679,222
-91,246
-686,419
-212,290
262,-334
-790,691
-313,168
-266,-508
306,19
597,-144
475,-464
339,214
-83,-576
-793,-875
498,171
-443,-152
840,-548
-560,437
-88,-18
21,-39
419,-545
245,355
-238,-176
235,-834
302,423
-42,171
-921,105
-939,-461
320,-22
-953,422
989,-286
-339,-955
832,452
-459,214
-91,-497
-979,510
177,-747
-758,22
376,93
320,48
-722,94
-762,-814
-640,-182
261,-773
-892,421
-86,133
-420,-849
-462,30
-528,-151
-653,-81
-129,-195
-710,-487
852,-689
759,-328
-960,552
385,724
955,-154
900,-782
230,-817
-427,988
-821,277
-124,-142
-886,17
-915,433
841,204
-82,-994
-218,172
556,741
37,-326
894,-484
-212,-43
-856,-970
35,242
-364,159
-337,535
688,914
80,975
380,-889
836,-71
-590,39
-112,-235
-241,261
96,243
176,-569
490,-693
-727,804
-61,-176
-570,182
358,961
-512,798
724,490
714,65
211,-598
-964,-363
68,574
951,406
447,-955
-33,334
917,-740
-702,873
358,-736
-140,977
-895,68
-355,218
998,-583
-836,-258
-284,994
-323,-991
487,-94
642,875
-521,547
-668,773
-433,853
310,-651
-445,-914
-57,728
9,918
-459,231
461,-813
-583,774
-769,423
-539,21
-688,-478
484,-199
-999,-941
-511,821
-69,894
755,-865
-92,-557
-560,-737
469,468
-942,226
200,113
300,-303
-903,-597
-344,-834
704,-506
-7,-488
913,-521
-569,-18
-5,-436
647,-791
465,317
843,-879
356,18
810,53
-280,837
283,769
-197,382
569,175
446,719
64,-575
734,-289
-130,205
398,-504
-558,294
-607,-691
816,209
398,105
558,331
32,-126
-419,378
-602,225
-67,50
-65,336
694,351
147,399
430,-488
297,-891
-499,110
876,-119
840,-787
-497,-941
140,423
-952,255
276,490
574,660
-716,767
-663,-564
415,992
30,-726
-763,130
-720,-630
-251,38
-902,-861
-497,-308
-126,297
-332,515
431,-986
648,131
654,317
64,393
-699,-244
80,160
-691,171
-498,945
-989,-908
764,-788
-24,909
-683,65
264,-5
-157,-127
447,-541
340,985
599,770
-263,278
929,-494
961,305
318,-933
868,-690
-311,-19
-883,-658
-197,876
-874,349
-432,778
-722,-807
-366,-247
950,510
-88,646
-556,-837
368,35
-152,55
877,-976
-394,-825
391,915
35,33
-652,310
253,92
868,-429
-286,-195
-774,-256
980,441
464,671
-951,-650
-659,-690
-782,-953
-782,220
869,728
317,207
-650,472
-123,71
-70,-32
47,-884
552,456
-249,217
522,309
17,188
-102,-587
-333,-140
734,-389
-413,62
174,478
-177,866
-106,-64
888,-440
323,-837
798,766
-70,-987
-450,-197
871,-999
-179,597
310,-973
-669,-710
863,166
230,966
-961,-42
718,408
667,-240
-763,-140
556,-384
-888,916
554,487
949,322
195,-297
579,525
72,33
-790,275
-794,499
-145,269
-850,919
-437,-863
771,368
552,-606
-495,180
3,716
-916,-929
-433,-129
-995,-640
407,550
966,-559
-466,947
574,-240
-305,-558
-524,-342
-381,386
655,-128
-771,-230
341,-81
-609,-226
593,-266
-898,437
62,-716
-9,216
62,354
207,-421
183,695
-215,10
196,-653
101,435
-436,659
732,994
-440,578
694,749
-853,417
321,-955
643,838
34,-991
973,699
413,491
588,800
233,544
861,492
-71,834
291,-675
-470,514
-80,831
-562,-868
-938,-226
166,-327
-176,-595
-460,-904
868,747
326,-617
-233,383
377,114
-656,754
-225,-939
-300,775
567,19
-426,-93
-503,-282
-156,702
-19,471
705,609
376,-50
141,394
997,974
-255,896
-93,379
-539,-154
-991,-557
-342,-874
692,-201
-81,-262
856,-821
-727,-568
759,-573
-990,257
-624,-269
-429,-810
-194,78
-197,964
-308,-166
-64,-713
726,926
169,514
-573,161
-788,752
-459,971
-531,-352
-790,75
-729,790
-287,-484
-991,-411
54,-214
867,-354
461,990
-236,-84
17,807
-701,304
-187,459
726,225
669,447
311,996
-753,664
-437,855
-372,669
937,-499
-860,-525
453,855
271,-408
159,254
134,-129
392,-821
-536,788
780,-383
-229,-69
831,925
-858,-759
-522,-192
-20,686
341,-859
624,134
529,56
96,-113
921,577
-553,396
-55,-327
-860,164
-917,557
-630,903
156,-931
284,340
-969,-274
908,643
-150,320
-441,-888
835,-843
990,462
-976,676
96,-271
-200,426
125,464
-694,-452
-183,-242
-893,-36
-81,761
-880,408
942,957
421,-806
-774,-225
-740,-408
643,819
190,-419
-760,914
164,331
-879,201
460,487
865,652
-338,-265
-948,176
658,437
285,218
652,-523
163,-157
-827,-213
373,652
177,-402
-206,-213
287,343
399,531
400,-532
202,-525
-149,458
-241,-918
-724,37
-997,870
59,-283
-68,-897
575,-137
156,-987
-350,428
654,873
19,-415
-658,-969
-649,-843
-976,-759
-714,452
-493,-53
-862,-947
131,407
933,-303
-273,779
862,-146
-850,-346
69,-384
192,-854
887,599
-176,784
784,213
227,809
-914,296
-939,111
678,66
-356,464
745,-40
-918,140
170,-115
-804,-781
195,-447
-280,800
452,-606
-897,243
-677,-452
519,-137
-351,-795
-837,-897
711,-41
957,-392
-567,-14
528,31
-80,645
386,325
-12,-553
674,960
754,229
-946,646
-435,-333
523,957
-62,-231
238,-921
-93,533
907,-15
776,102
11,504
732,460
-203,622
831,-810
-740,732
410,88
-692,552
-204,600
-734,-800
251,-930
-735,-950
-265,582
787,328
-643,-485
329,-881
863,352
-152,287
288,348
-551,272
482,430
-271,853
611,-754
918,293
-905,430
-800,193
465,49
-255,92
-466,988
639,896
205,-339
192,237
492,168
996,335
467,758
523,-890
679,-206
-392,-988
835,-679
367,858
736,-924
-712,44
-353,597
861,-666
394,795
-670,-788
-153,984
212,-670
513,-287
-98,-238
-313,-121
-279,-420
-545,-603
161,-36
105,-536
420,335
79,762
980,-594
833,-475
-334,246
-741,632
-357,-539
-985,-946
-396,-3
-287,281
111,504
819,557
589,753
-905,-810
-358,-424
440,-148
-780,-497
-893,66
-175,682
962,-544
284,231
70,412
-596,738
678,251
-139,-364
404,458
-994,575
180,-989
-557,766
359,5
-310,-372
-122,-85
402,-391
885,-15
-298,844
-663,-153
759,681
-416,-979
262,-385
342,-777
-89,402
-743,110
335,171
581,666
712,-991
933,722
-829,-214
-34,-973
893,818
352,-336
726,-981
93,457
988,394
-376,-186
837,262
-316,357
-131,-505
-776,84
-215,-463
-916,-495
261,959
465,-794
-710,-390
147,243
-979,-214
752,384
-155,-952
-561,183
-903,-53
15,-903
231,-374
718,-678
393,-97
544,820
664,7
898,319
619,891
717,168
-448,-533
-159,-100
794,152
483,-208
-882,-524
-154,-510
-441,-980
994,42
648,751
-135,-280
-473,311
-554,-586
-683,-947
914,249
354,-230
-295,895
516,857
118,156
206,-198
-715,690
485,-389
736,-975
-961,82
-61,-987
941,642
151,825
285,391
-833,-140
-807,363
801,-991
201,-364
11,-13
-394,-389
585,-93
568,-968
-616,-352
612,-818
750,-765
-524,-574
-743,-644
-37,234
-572,-702
783,-994
979,109
-375,32
-892,-318
-998,-33
30,-9
-353,-537
-612,-55
-988,-358
-531,-638
-550,-333
995,736
739,182
-34,-237
-86,-255
613,-908
-66,337
-155,400
-474,-981
998,-150
464,113
945,898
-567,-750
6,-974
816,-526
-50,653
-415,-16
-42,373
-993,405
587,-637
-459,-552
-421,-106
733,469
158,-304
-570,-259
-294,769
-837,-935
-449,-65
-543,140
887,-760
928,-973
201,917
-922,849
317,942
-379,258
-240,544
429,-373
-962,-829
222,-24
-774,-468
-100,697
-583,312
982,706
203,41
-142,-336
945,-728
754,-533
-972,-936
331,-783
387,-608
89,-384
701,352
141,196
-562,222
-923,140
322,222
701,-398
-10,77
127,-441
-916,-40
942,-548
-489,-927
-851,-930
-15,646
-688,434
-201,432
387,-4
201,408
-362,-921
915,-408
46,-35
747,528
658,-422
-477,-900
-380,992
221,520
636,-234
-317,45
457,914
595,-213
-852,744
563,222
-398,376
621,-993
-442,947
-312,118
-852,881
216,-471
759,658
379,867
-252,-817
982,-206
801,-771
65,-307
-533,-803
490,940
-732,-314
-795,-845
-536,-838
609,676
467,-11
-192,938
245,-504
-668,-396
-278,332
-803,426
-231,-822
-225,-776
-256,-155
968,768
279,-388
640,802
312,182
-496,880
-124,-524
312,770
193,-79
519,296
136,38
-479,-606
496,-730
-298,978
-490,388
-245,-754
971,336
-934,-26
971,316
552,120
-457,839
-824,-385
-624,-650
-263,-893
317,-6
828,-472
-641,518
388,-662
-206,-872
120,-674
-526,-898
-20,-820
-815,681
-468,130
-99,334
-130,-31
-683,180
949,-587
-497,620
-784,-359
-970,-750
281,238
281,-941
-828,-443
877,108
541,292
611,-662
163,-890
532,347
-873,447
-643,878
-234,659
996,-136
-38,-245
-514,-170
-336,-680
940,-818
372,-558
466,664
585,-766
-511,96
-617,69
-710,102
474,-679
-292,477
618,913
-316,383
100,-316
46,-242
714,549
600,313
671,364
961,-967
278,-448
642,835
-751,129
-965,-684
960,807
762,-959
456,96
-790,446
-817,889
815,631
503,-252
-586,-397
574,872
115,-237
677,-144
-670,120
-610,-714
408,282
167,-847
-576,-600
652,21
-670,228
630,696
-792,361
829,-605
482,811
-493,-438
-730,-960
706,459
272,51
586,688
-800,-405
-560,-53
729,487
-716,-872
854,-770
-749,886
14,274
254,-343
-488,-772
401,652
-67,-507
495,348
523,43
272,-827
-854,232
513,485
397,-311
114,707
171,-980
-129,740
-330,-471
467,-153
224,261
-231,932
462,29
750,-814
-971,-361
-574,-596
254,881
271,913
977,418
987,-631
-736,-600
-939,-934
-462,-208
596,-559
294,-124
-925,-317
516,60
-264,-630
-666,-844
-462,-390
889,-299
-402,-158
-928,754
741,-936
-686,-811
-883,459
-178,-363
310,-631
987,785
-325,636
-963,788
814,371
700,-3
31,753
123,575
-51,348
-222,69
891,-929
679,-279
452,-20
384,854
-121,-590
199,-993
-198,-605
-434,33
460,-970
-672,455
381,-785
-180,-985
-374,-252
993,447
-463,382
153,603
171,683
-597,501
-372,353
-607,255
704,318
-113,515
-300,-818
-512,151
-712,297
448,-62
940,503
-745,979
-285,704
572,996
-682,16
977,-745
-910,839
-258,-889
526,162
202,-651
-605,-635
-282,339
738,943
-522,5
683,560
-347,699
344,204
-536,-625
614,312
-862,615
423,944
988,-485
-578,33
-634,138
531,875
728,-106
-242,795
-425,-295
-641,377
873,-25
305,-508
-214,334
-732,-29
-92,-475
553,-75
349,-784
-491,-729
-260,80
-845,-960
-681,-229
-796,618
27,3
467,-601
-382,-456
-86,-772
874,-647
729,-176
328,275
-247,186
383,-69
897,829
-701,776
-364,97
-955,872
-403,827
-615,414
-732,546
978,-839
40,-98
222,748
317,737
112,545
-947,-669
-763,-388
153,-170
642,-370
842,-497
-305,273
976,900
911,-998
231,-970
712,-64
244,-911
535,498
476,-654
-822,512
906,-513
867,-478
-20,-521
679,-723
-458,-505
-641,-767
82,-963
-762,68
279,376
800,-192
-593,36
57,-770
650,189
915,-144
-755,-51
569,-939
54,133
-821,312
876,581
312,-761
564,-125
628,566
25,-894
-957,-416
68,471
255,-380
405,840
721,15
-429,-406
-646,747
-191,921
-62,-799
928,-321
-528,-146
-148,-711
788,173
-763,-279
-120,206
-287,41
-62,-995
437,261
795,44
-67,-81
-188,909
501,-993
-853,-780
287,973
658,509
853,-642
-593,-140
113,187
500,-36
-75,209
313,-593
-939,-224
874,-240
904,-824
-934,626
-559,-526
149,-889
-699,-138
948,-553
-315,-496
513,-763
239,-545
-3,95
-957,-858
360,213
-892,911
-340,849
-775,-658
-734,268
-724,-435
457,289
-359,405
-827,-440
599,21
-387,436
-108,-795
886,-266
993,-483
272,778
692,-493
50,-348
-550,483
893,-216
-338,-848
-979,-367
952,-627
-922,278
763,334
524,111
-628,-727
388,-223
-25,809
-802,940
-863,-604
-358,684
-103,117
-489,-780
840,538
246,-504
-157,-32
-617,-340
393,-680
592,-374
596,927
-894,-268
-753,-582
525,-641
-348,691
-808,336
919,472
923,320
317,-737
248,-346
-703,-589
569,-404
-614,-595
-79,-3
-614,923
-94,331
-56,594
813,-840
978,-563
-636,-473
765,-255
592,388
-543,36
906,579
-903,827
350,-934
232,-601
749,489
946,477
-477,182
-366,519
-476,-676
-177,-528
616,-205
86,382
668,828
47,38
16,-624
515,-66
444,525
-773,46
-169,-540
-603,-876
-994,-576
-73,-33
335,-119
-118,-748
-988,-523
662,-333
-114,94
537,-773
-855,-717
-245,150
758,440
-849,651
809,170
-877,-213
831,-587
-354,-813
608,957
-502,-933
274,888
362,192
-295,-466
-989,910
378,134
756,-820
-662,189
-895,91
-76,-650
-83,544
-176,-281
-36,-490
377,378
-247,43
974,395
-259,502
759,363
-416,878
644,468
485,-642
-661,-512
606,903
-264,-438
-599,25
999,193
-89,-611
685,-958
955,928
-647,68
842,-669
64,-399
117,448
-697,-37
898,550
149,-896
-3,67
-662,-812
895,918
-114,-399
616,-350
999,128
-226,703
-166,-852
957,54
-616,-6
-515,-848
-567,-628
51,-177
287,574
-639,-12
993,154
-510,-858
9,-421
288,93
606,-600
-171,819
576,541
416,-362
-856,599
482,-97
-982,270
-387,133
251,-879
-527,-549
540,85
360,-634
272,-24
380,717
896,-53
-704,705
-348,18
-419,86
60,-888
-366,-501
-307,-477
-537,148
-576,86
-766,-755
-145,-591
-386,697
211,-924
-800,694
-550,389
-47,-483
-344,-901
432,605
-415,441
-635,215
28,-106
201,935
-461,-769
573,376
-409,-82
-263,816
889,-711
-363,-185
-656,-662
20,-903
-727,-420
-497,-500
324,662
-937,-914
957,406
-920,-96
963,-694
-658,-282
861,786
918,-762
203,386
-42,885
279,128
-791,894
979,765
918,0
294,781
-178,-24
595,-10
-179,980
975,-142
108,532
-763,6
-436,724
-337,841
-15,-461
-896,424
636,-827
546,-476
-954,516
485,25
-295,-498
-718,-146
-142,825
-268,-963
-64,213
155,322
-667,-588
500,-653
452,997
480,-481
-250,-986
123,554
-389,-191
816,-262
365,-581
-63,-947
937,35
-353,238
-852,298
690,641
-445,-842
687,554
-797,922
754,629
89,967
38,-26
987,875
417,-812
862,901
-8,-514
7,-195
-898,-894
864,-394
-615,509
635,-260
892,647
-250,-992
-488,-890
764,938
-771,787
800,-702
566,460
-856,7
709,956
-982,682
286,-440
873,360
99,-488
-576,890
-102,-528
-991,-677
930,952
-634,617
-604,161
841,-456
-12,794
-538,411
-822,-951
158,324
209,-983
-609,-872
511,-643
-467,921
550,-658
-973,-574
-177,464
-734,934
950,779
808,798
370,483
-240,854
-135,-330
885,-526
620,-743
151,-820
873,362
491,14
-642,411
-532,-515
-859,-501
296,-792
535,169
734,145
915,660
397,391
654,-733
-798,504
361,-444
85,429
333,662
-917,961
668,757
848,236
-705,-610
71,740
-129,-295
605,923
897,687
935,285
-328,-384
827,828
599,-292
-469,-163
757,-953
-815,-168
48,69
-730,-622
801,-217
-893,-920
569,110
688,-409
939,-439
846,-248
-595,66
-180,-758
-354,267
993,-329
-265,-910
-302,-338
10,-935
-626,-425
-991,158
430,-626
719,748
-50,-312
614,647
67,-679
-683,38
-759,-563
993,-376
-464,727
77,-253
-170,-256
921,796
-153,-583
541,758
516,-282
-175,329
-511,-116
-166,-374
-871,-853
976,323
143,406
350,-276
41,388
-398,-784
435,396
-164,301
773,-270
-195,854
-32,233
295,-209
800,5
338,266
380,-503
-558,-634
-694,344
986,847
-508,-225
-523,-201
283,-352
-214,740
742,209
-31,365
-525,280
957,556
913,975
-292,-506
-661,713
-808,-519
978,-225
23,32
-886,-772
80,554
569,-667
-451,635
215,60
3,472
-956,372
333,127
-147,-46
547,445
-488,358
-687,-212
267,737
-657,315
54,-680
471,215
-692,-195
315,-325
-69,7
354,828
661,411
-677,-28
-470,427
527,153
-548,419
317,-859
885,-994
-244,26
446,432
-997,312
-902,-419
-448,-890
-882,754
-943,-439
292,294
-764,937
-7,-83
-997,628
-373,505
-533,379
-727,191
883,31
-367,-844
-869,744
-107,-645
-903,-126
226,-869
-26,-400
584,-586
-984,-122
-380,-859
-695,-458
306,895
-92,773
976,850
-980,184
-925,865
150,625
767,638
-1,-283
31,879
-606,-513
-660,-776
579,-843
913,-795
419,822
-94,-536
-8,-392
891,345
-699,623
-830,-428
557,-163
-112,-284
364,-670
-81,-783
126,-850
485,831
366,-867
534,747
8,594
-375,411
448,-801
-914,999
-863,932
182,238
-628,-996
358,718
-744,-445
479,-708
861,-39
-861,-949
550,518
692,-438
-639,-610
921,-954
-462,-90
523,-618
-257,98
-954,-150
-864,195
-396,747
930,891
814,911
-890,-545
-319,-609
-735,395
439,459
-469,792
-182,-168
-593,173
25,787
-416,-141
749,221
-792,-648
896,148
366,758
-267,-822
554,-310
49,927
673,-425
976,933
-662,-433
-761,882
-6,749
185,-320
-589,-618
-614,-690
151,-461
351,176
820,-635
641,204
392,67
622,-102
780,36
-622,-107
-644,980
-861,104
837,-554
-702,-611
186,-392
-85,522
-437,512
725,-384
-841,-601
-245,116
546,440
44,99
-559,643
-852,64
953,663
-811,421
954,-494
567,927
-295,275
145,41
-239,958
-74,246
161,-503
822,173
80,-440
509,-258
-844,866
-321,-630
926,-713
-64,716
381,596
978,-581
936,-832
-990,-692
-911,-893
-62,-163
48,-622
-437,67
-189,462
987,714
-920,-288
-320,-71
-502,4
-50,160
-760,-512
-934,-443
-900,-282
17,226
64,109
974,311
-485,-699
99,-515
-639,-728
381,342
621,-694
-851,-114
592,-3
-357,-795
-466,-152
-734,-8
571,776
250,631
883,-16
-720,-427
839,899
-185,440
923,-49
-404,-249
-559,-282
-423,520
92,-331
-210,-652
981,836
93,816
208,961
903,419
309,453
-559,642
-409,-673
-716,-673
908,56
551,-136
695,-376
-816,129
-204,501
665,-890
-632,-884
187,52
938,930
-974,589
449,-743
-140,509
-812,292
645,339
690,-663
585,-502
-339,610
-639,-473
498,-514
967,698
977,-346
-95,941
317,772
-364,-42
731,-888
-742,-608
681,550
-80,718
983,-547
-860,527
-271,709
-54,765
-96,-153
-425,-217
197,-191
-967,-875
-321,-689
-705,191
-679,-945
411,-161
-328,24
319,-496
-777,734
-851,-716
710,-901
902,-505
-650,329
825,-796
381,112
-590,-266
-976,264
332,-366
809,114
512,772
-572,-392
-168,542
774,152
-836,-573
-511,-687
649,50
-746,-931
-329,-120
-675,868
700,910
-901,813
263,-397
995,-869
336,-991
-673,-811
-978,422
671,-798
-771,840
847,-396
191,-940
260,435
-231,-536
430,646
-778,109
-439,-215
950,-400
131,-959
-14,976
518,-769
-973,574
-967,103
117,-464
-450,180
451,166
-289,332
820,-241
-663,-134
395,-305
755,-902
972,-732
569,992
-135,-423
33,-375
-387,-445
207,-903
865,235
-853,-555
386,393
462,-771
991,81
553,21
-773,45
544,-971
966,-655
11,-833
-349,-736
832,949
256,986
-357,-910
-756,-927
-33,452
932,-857
169,-420
-606,-581
-725,253
-749,312
185,-133
969,-327
713,-621
-818,-281
-450,-316
-388,152
485,649
845,-98
972,-686
-201,-368
-100,-576
-351,626
727,775
129,-218
574,-993
199,-77
-149,850
-305,301
-273,199
-121,556
-143,315
-892,986
884,741
137,793
-412,-126
-394,-497
-318,-906
-597,62
-299,-577
517,-486
202,-854
773,-413
-494,365
781,-756
299,-45
-685,754
736,-743
335,927
201,161
-812,-976
-803,960
-669,117
-906,-6
472,488
303,-324
-758,610
912,231
150,-982
36,-853
751,66
70,940
-397,236
-467,455
-106,540
-155,-656
398,-88
231,746
953,-883
459,316
-261,-564
450,-212
323,-256
-476,974
612,-905
-854,-329
107,-489
962,-166
969,152
-158,268
504,597
784,593
506,658
-553,-338
887,120
-225,-710
-552,124
79,-843
880,-35
-848,831
-897,130
438,-602
473,480
662,-708
-67,913
372,348
-924,-220
-269,-409
-206,58
-525,-191
-753,487
721,-91
-73,402
-150,-678
-803,-522
120,739
-350,158
-313,51
-700,-646
-379,719
-816,-803
135,-703
-345,-112
-40,412
990,301
-313,-642
-948,-434
782,-603
959,83
-118,353
758,-713
-741,8
794,-710
522,690
-786,924
573,100
332,-352
-318,676
-199,882
-586,-11
-122,-963
-484,221
860,-319
973,-733
55,53
-382,-728
-390,341
-757,462
106,-939
-938,-332
849,125
-444,-580
-867,-739
351,-976
-975,510
604,380
-2,-456
110,147
-534,-654
556,-937
854,-275
338,-978
-332,-746
-105,-359
-183,526
394,-899
574,-643
-52,-754
323,-141
585,-494
227,-512
-664,552
-264,-265
-967,-939
328,237
809,-12
284,-504
-621,-29
-673,607
-200,-561
-885,304
500,751
-542,396
37,-812
-22,191
410,5
699,-477
-454,674
489,274
-36,-280
590,-688
-419,-38
580,-489
848,120
176,715
237,624
752,-176
-378,-578
916,670
-778,-618
10,578
-861,-519
801,107
743,-205
-969,-849
255,467
-573,-879
463,-395
969,227
-49,-703
-164,-831
-230,-441
934,-314
106,-485
269,-833
906,-983
0,-911
79,806
669,963
-566,-118
-769,224
616,-978
-945,297
-374,-625
-288,-622
-550,-296
255,-837
-512,112
-721,339
-133,813
509,470
-736,-302
-716,467
-986,82
-473,96
-41,-93
395,428
-114,175
723,900
768,578
722,-421
315,556
44,-299
448,-305
208,-909
-849,527
-548,446
470,-449
-668,-845
935,-336
-546,459
-803,-792
48,-860
-281,8
883,-498
-760,649
-444,30
-196,-777
962,-113
-911,57
-654,-492
149,-291
737,705
-555,236
81,752
656,250
-698,467
-621,519
-134,218
-221,325
27,-156
-533,-339
-260,448
388,-776
971,524
281,573
304,559
18,630
-640,916
407,149
-516,18
-370,860
698,471
513,118
945,-641
291,393
186,-294
-906,-669
719,-551
418,-246
57,744
-418,-88
412,-387
-880,326
472,176
991,-442
-266,830
289,-100
671,-86
-623,650
-928,192
-296,393
950,-64
-143,68
-569,-457
-311,778
-185,-747
599,-583
299,-469
153,580
-210,-258
661,-13
467,935
918,-854
-443,-919
-320,-245
-701,629
555,-137
-61,-430
-586,165
594,-644
385,-703
944,-944
-599,110
340,662
129,-168
-385,679
643,516
668,29
-32,553
-429,-347
214,-452
988,-278
36,-313
32,-187
-570,-503
-795,441
-550,-499
-661,64
552,307
366,-609
-660,-79
639,841
-393,-632
683,-873
-723,55
-619,-484
-119,850
-456,919
444,-78
507,341
738,-217
-775,914
406,998
501,42
298,506
513,-91
-699,-227
-248,-773
455,-951
-672,728
564,959
217,201
541,-743
815,-563
421,554
289,584
804,68
-74,772
-104,-852
-382,648
-780,-216
-609,582
882,-558
-225,943
-787,-408
199,108
-492,-449
-281,298
852,951
359,103
65,618
-999,-300
-677,266
768,-71
-861,325
146,-90
-421,246
511,89
-969,316
601,-804
772,345
-895,-524
490,-38
-15,-662
-692,46
215,-394
795,-909
-751,127
-606,-250
-613,-43
-3,705
-285,519
654,-717
195,-362
-122,-251
539,648
5,261
783,-520
-198,701
154,391
-401,-884
626,-973
645,840
966,825
527,511
160,-25
-644,218
-942,-418
-24,797
-607,-134
-876,-278
-686,-17
-127,-506
680,939
379,-100
985,406
745,-681
-65,-745
121,207
-564,69
-639,265
-894,811
-639,-515
-107,-998
-922,802
-295,-99
-484,-975
510,240
-769,908
813,-941
303,652
-439,669
387,-754
648,-302
428,912
-233,56
-389,-993
-979,677
-802,381
601,-721
-788,-82
-883,857
-815,144
-152,815
887,340
695,799
-175,783
97,-950
-812,-161
-785,920
587,-122
740,-674
748,375
810,-143
-504,991
-241,25
-250,-782
-403,-328
608,966
-975,-450
108,381
-862,585
-461,30
-828,804
-596,8
990,545
-68,333
-719,-172
-472,519
698,-435
184,112
-668,885
-466,-420
193,-988
-195,-916
-629,-804
547,775
-575,365
62,164
-279,503
582,-836
715,312
-229,374
653,-138
621,-315
-492,-270
-559,462
-115,-964
97,180
-510,363
-974,775
-34,238
996,-191
-841,-882
-758,796
302,499
717,-906
-201,784
-303,316
-929,174
568,-982
264,265
-566,-616
-586,297
550,887
385,214
381,189
1,64
-232,753
-514,494
-140,778
878,221
-548,-378
-865,67
-752,127
96,758
881,-865
-206,429
9,822
850,-581
493,817
612,-169
849,153
-118,984
200,-536
462,-347
314,-241
387,-385
-28,-202
191,312
-205,-762
-894,-256
-69,-982
-587,-374
361,901
198,-805
-986,770
421,-351
764,731
-297,960
737,106
394,89
174,933
-350,388
549,-907
-888,64
737,850
-322,452
-164,877
321,-26
-778,-447
-321,-826
434,-70
693,-228
-542,869
-690,524
350,-650
486,581
-542,262
-216,-210
991,-958
801,-747
-108,-685
161,953
-974,-960
860,570
-934,281
102,699
-573,-497
-16,504
-531,-524
-811,-226
449,-478
435,25
738,816
607,-287
-719,-310
448,529
-484,-252
677,615
-364,995
223,-215
330,837
-794,-380
-319,-801
-980,113
609,925
584,-945
-2,325
323,677
6,-343
481,286
875,762
-58,40
333,-614
-705,458
861,-617
-82,437
658,-654
861,-727
-904,653
903,80
-643,53
-686,454
225,425
139,414
880,-642
-997,-927
538,311
252,857
165,-481
876,15
747,322
993,-57
631,36
80,-942
-900,479
-226,809
446,-605
790,-821
688,-208
-678,612
-123,872
135,924
-217,-63
-852,326
-441,156
521,-6
345,-135
630,-223
-508,-846
-235,325
538,50
-860,66
-591,931
-919,-623
-851,420
-952,-614
-959,67
-926,416
608,109
-47,-84
-587,786
-611,-768
-638,-351
-178,-327
-27,339
-681,-843
180,183
-769,584
484,149
-98,440
338,-483
545,937
-768,808
-751,385
-804,-324
-246,-583
-828,916
684,-640
118,212
-459,-81
36,-310
586,118
688,-448
424,280
303,-441
-507,-465
-938,344
-550,-166
286,939
-292,383
-206,-476
-991,-132
988,-717
348,-472
808,-659
325,330
-257,621
963,775
-963,-577
280,534
-190,-242
146,316
900,933
200,-496
-585,344
-693,-872
393,-588
66,8
-296,33
-57,-647
554,-937
850,673
603,104
385,32
-507,38
-961,571
-827,-689
-216,763
856,541
-494,586
602,-548
50,983
-194,36
412,-975
-28,442
-868,20
474,-766
367,-870
829,-801
551,106
395,-757
-115,279
-174,499
-408,-278
-715,-825
214,461
-238,-345
956,118
-672,-186
-1,688
687,-739
801,-566
575,-322
167,476
468,85
-618,-420
626,662
708,654
-627,953
-116,75
-360,-731
-220,240
377,217
248,900
-200,-968
883,930
671,-743
547,613
-917,359
-136,258
352,-567
163,902
415,461
-950,973
-607,964
-103,519
-390,162
528,171
-9,-178
932,-514
84,241
-634,-188
793,108
-470,5
-839,975
466,-468
601,-814
705,-544
320,-445
28,-560
501,582
-127,264
101,-225
-288,336
-11,818
848,-843
-962,814
-214,51
-290,360
-284,219
694,383
492,668
154,-682
84,-847
961,17
-51,142
335,-214
741,-396
608,-631
-354,399
346,663
651,895
-381,-320
-948,-18
-427,-829
608,749
-168,217
173,-799
-117,-858
-534,976
525,793
770,-350
-281,502
-561,-577
-289,973
-820,-795
-873,-499
767,513
-399,-41
-509,-778
-591,30
-534,-553
-33,554
-840,333
90,834
-144,-517
181,-946
330,425
158,-711
741,161
-101,136
954,-11
-709,399
-849,396
-55,723
-137,-112
390,621
-46,592
-440,150
826,-489
-683,361
-277,-743
-334,64
86,554
-937,774
48,873
-83,-971
467,-630
506,588
-63,-661
-394,366
985,7
321,751
-393,504
110,-341
-651,-500
-369,438
349,702
-72,-576
-457,-840
205,-700
477,798
804,-538
-914,-517
-389,-469
-683,-348
289,-340
378,443
196,-662
-73,-973
788,-790
-60,663
-796,-643
32,-246
-146,480
380,929
183,-380
393,625
-378,0
-470,-346
-430,-5
-412,70
-443,-910
150,781
-284,310
-75,-798
-232,-109
-932,23
316,798
410,-801
773,25
-956,193
-65,-955
-742,-776
-617,46
-761,452
916,811
-634,-638
229,-790
-776,-349
-638,739
63,829
435,846
886,328
-41,-306
885,133
528,-517
502,-205
-542,610
746,325
696,-805
150,21
559,434
-556,-834
268,931
653,-325
756,-736
61,434
964,-888
-485,-816
-101,-891
-833,-815
-731,636
-285,629
-690,383
169,492
101,146
-383,-204
-513,-266
-728,-310
632,666
716,-858
-8,176
-594,-121
581,-985
-190,871
-874,995
49,-544
-309,404
-916,257
-411,-54
738,-422
29,432
358,-798
-499,-406
-595,760
-482,320
758,-97
542,-462
681,359
-944,-902
-469,-161
-339,-615
821,344
-868,-728
659,-239
9,-143
-238,-991
-268,-129
132,39
29,185
-193,1
-400,-592
45,502
344,-4
493,997
489,-315
443,836
-827,79
441,619
-782,-224
-405,-239
-310,527
4,292
689,-750
-355,917
-307,729
325,-77
-999,915
411,646
887,195
62,132
-514,-372
-669,-929
-593,-891
-284,379
-59,182
-19,-699
658,-830
-810,-884
657,872
556,-318
-793,784
-255,-236
-798,-470
-973,-317
17,473
-712,10
740,-462
-261,430
244,870
-716,191
-815,-67
-925,-620
197,972
652,-129
977,-664
47,304
-769,-600
422,886
30,-894
-631,-210
-434,801
-677,797
480,284
-346,-231
865,-586
-985,629
-219,378
945,-361
-148,-933
661,-791
541,735
-346,-450
664,55
-220,989
-920,127
858,-985
-896,-372
-46,-662
894,-834
-318,369
-683,-973
66,399
-629,807
109,170
247,29
258,576
-347,214
-702,284
617,-546
-549,-976
-311,633
558,-377
-636,558
-519,-955
237,-841
459,653
343,-578
-539,-304
607,956
-560,-16
-3,650
294,152
-917,-346
-748,249
-627,371
-175,282
-416,-432
-236,81
680,-176
-292,238
-784,-867
-948,-71
-37,604
-699,316
315,410
-908,-929
-156,734
979,428
-287,-426
310,344
639,-176
18,-742
781,532
411,-44
414,263
816,207
-910,-133
814,-293
313,62
-404,218
-437,-997
669,856
376,488
-160,717
176,732
144,123
-22,579
135,-292
-151,-571
-38,190
-63,176
869,968
-424,-683
-318,-644
962,-121
101,-702
528,-716
719,889
21,-788
565,-64
146,710
639,611
-127,939
-320,922
862,438
717,-331
810,-7
57,155
-806,-374
255,4
424,289
-950,343
-593,-68
518,-165
-573,-250
-910,337
-183,-971
-919,364
-392,-963
994,-642
995,-688
-804,994
400,-244
164,-385
-683,428
919,-828
-499,171
369,-534
144,-329
-956,-812
-582,113
-815,938
-715,552
373,43
-970,-263
866,-662
621,-989
550,-239
280,229
397,-922
-359,-59
-574,284
345,754
690,-680
375,977
-787,894
362,-410
144,-883
743,-791
-966,124
-160,-311
973,241
239,-824
-807,326
-519,-777
-188,-136
612,-878
20,908
-942,696
64,-158
-506,24
-299,325
25,-658
-876,327
-561,736
-498,397
427,209
379,-63
-986,-263
293,-735
712,486
-706,-539
-145,864
119,-905
-412,-975
468,565
637,218
18,-767
-288,-575
-288,-465
-560,144
702,-910
-682,814
-124,720
293,702
757,430
-852,-831
821,-14
-578,497
-851,259
357,-783
919,-297
515,-394
950,-463
842,-507
-638,-794
-828,61
-82,-674
-193,327
548,62
215,-861
-166,748
-875,875
-301,640
-352,82
47,-22
-755,-926
-931,-101
343,-766
168,774
654,338
768,-751
-43,-22
223,-226
880,-528
-123,431
-827,762
889,-732
-117,-22
-657,791
-745,-220
155,284
667,449
-793,-39
-484,916
150,429
-626,-755
25,-594
-344,-626
677,251
-158,-674
-442,-458
-116,526
389,499
-596,640
-27,-667
985,979
-101,118
92,-906
-308,268
-324,6
939,-398
638,-894
-468,536
-597,-795
-756,-96
933,-942
488,260
-637,842
397,395
-722,-460
972,-968
398,408
370,424
-347,813
140,304
-881,-141
-992,-800
150,713
-742,-651
8,-564
438,391
-505,-766
770,240
-104,-554
-911,881
998,-7
399,-40
131,690
992,161
-154,913
777,-792
553,334
598,-56
4,-936
34,716
489,27
-368,-178
236,-808
676,791
489,-147
-701,-841
197,-989
-263,-400
-264,202
-361,-560
538,-800
162,-163
-402,-860
-779,-73
298,-597
-424,623
560,350
-840,-931
52,777
-319,-717
787,335
-180,385
963,-63
137,-852
-599,494
586,529
84,222
-349,-874
289,-308
391,610
404,495
466,689
-502,220
986,443
-497,455
701,-364
-671,723
-985,-648
909,715
268,-686
-477,-535
723,-657
949,768
-246,-599
280,-307
820,698
981,-148
-277,-158
745,-93
-542,-483
-276,498
347,891
-589,-870
751,-766
596,-744
732,-495
55,-205
-238,-348
988,133
378,-69
-126,198
-418,99
886,-346
-701,-900
962,48
-112,-208
66,268
-701,-944
-715,136
-793,205
386,-436
766,-614
327,-355
-306,-436
481,-186
874,526
-685,-418
105,923
501,-296
647,-531
458,-781
948,73
-367,-468
-297,31
-592,176
505,436
-839,209
888,-803
-621,61
-963,-712
-362,862
-690,947
-145,950
-698,-893
901,-999
-916,502
535,298
635,-23
-674,660
-511,-410
475,-659
812,-525
-21,-788
887,-937
991,180
-122,-598
684,432
-961,350
-187,56
285,-393
-705,-6
-942,-338
-279,-389
-94,377
-349,374
278,873
821,-528
-53,601
963,605
-966,-231
345,667
-649,459
80,-37
-832,907
-775,307
-822,-779
-519,-573
880,-971
513,-62
-26,-933
463,-774
429,711
-933,3
658,165
137,283
772,416
709,260
-123,-824
-297,211
197,562
371,-174
530,-87
-477,521
531,-912
861,246
-250,-589
-646,-32
690,208
-486,-828
55,542
-307,-131
918,-372
9,899
-392,433
-944,737
762,-468
-121,-309
-541,892
273,-965
-181,54
778,-322
247,413
902,125
-668,976
-503,-800
-381,152
-521,-193
421,-650
231,552
817,172
549,853
602,45
373,-232
504,-485
239,461
866,-1
-127,50
-800,-179
-620,284
468,663
276,17
794,43
238,-165
754,522
870,653
-641,720
356,538
421,266
866,-358
-73,-607
359,919
-882,935
-596,818
295,422
-870,-577
488,-253
543,303
826,-161
964,-675
-986,759
-372,-420
118,-714
194,498
-503,777
110,-858
217,126
-473,-241
559,-707
250,118
238,-192
750,188
-334,963
44,-317
539,411
528,-554
-289,339
-219,199
195,-994
-86,-109
-612,774
477,979
-942,449
-29,917
-523,584
-912,709
-380,847
-303,817
-906,-874
-7,-801
995,-227
991,990
522,228
-364,996
-112,603
520,711
666,-666
132,-199
98,389
242,689
-608,-1000
-840,-389
-434,148
-942,-69
719,159
780,-395
94,-881
-204,-433
-315,706
-989,426
174,651
-628,556
644,491
479,-921
-933,207
638,762
314,-893
900,913
958,890
488,879
-197,-815
16,440
-941,942
798,488
-455,-474
573,-498
-817,709
-318,-673
108,-645
226,-845
872,-331
757,-662
-631,647
792,296
-596,-85
932,-127
-860,77
-578,91
-142,-610
-33,-174
-204,-895
592,438
-850,865
-707,-483
321,-454
116,323
907,110
-151,-68
-99,-431
689,-150
-486,436
608,-516
-959,-369
123,314
15,-854
-127,608
596,568
337,-490
123,-753
-524,-507
-141,-833
844,299
-843,937
-933,860
-179,-17
537,-309
-949,181
-994,648
-142,-940
469,20
-12,-577
-755,818
-55,-396
672,807
430,984
538,877
-712,270
450,-116
-598,252
12,132
-400,659
555,-711
-573,871
-256,42
-541,-631
632,457
-734,858
-856,-372
-425,639
690,-251
-742,756
-725,22
-263,-857
949,697
577,143
-299,294
-414,746
-837,982
819,-971
-618,-410
-307,587
-119,-700
914,141
-143,-225
177,631
125,-584
587,877
-904,-165
-222,-555
198,684
689,79
278,-114
-552,460
949,-184
-746,-952
28,702
-523,995
273,-912
773,305
270,-932
885,548
198,434
-209,-928
315,225
83,-792
-383,395
913,317
-519,-495
823,685
373,-385
-405,-100
990,304
-628,-399
337,-814
274,-79
793,-888
10,856
18,307
-952,318
-77,801
-897,-504
-405,739
875,26
-69,880
844,160
-115,288
208,-942
427,-356
-109,-744
359,333
-843,138
856,-273
10,957
853,661
77,-437
-211,248
417,397
27,-566
-803,-841
-25,-334
-409,-315
253,752
-82,126
-621,669
875,-431
651,-385
696,157
-708,829
-327,-68
-436,328
-273,93
205,855
205,622
-82,355
605,-898
474,-191
-441,-583
419,286
62,980
-403,-410
763,-423
398,-122
690,206
941,-386
-695,290
19,37
-57,312
356,-183
-210,603
6,772
204,-357
-676,-510
-809,-82
708,-984
-961,589
444,-915
222,-931
-254,786
343,-502
-139,93
-518,-943
148,749
-933,726
-1,-665
-539,887
620,-961
-674,138
542,669
961,948
720,743
79,557
915,377
-690,-663
-4,614
-687,-629
-625,-739
-940,412
-919,283
138,610
-470,-828
-8,-790
397,64
485,-28
-887,-406
-288,613
941,-811
-815,-295
347,629
-765,736
849,943
-157,-504
432,70
160,-952
16,-948
-73,219
663,504
389,-283
439,-456
-207,-664
-976,-612
-368,-877
198,60
468,105
679,-738
621,797
-488,87
-618,-101
745,996
49,-464
-936,864
79,-101
-694,166
405,-692
-977,-519
214,-16
-676,-59
-299,225
789,-123
452,-51
-286,742
-705,-816
306,253
-204,925
-769,-165
-733,-219
395,484
831,-190
-32,-19
379,-19
-133,-124
709,-931
540,249
-524,-74
946,587
-988,-364
148,797
614,-553
855,30
-497,253
-261,-521
-497,855
510,-827
850,344
534,-753
982,-172
-930,-181
804,-396
362,290
792,321
23,-20
474,382
-307,-881
608,580
192,-25
290,928
837,57
-603,-746
-898,274
-221,-307
-672,425
-969,575
119,288
350,-338
-228,791
594,-787
945,931
-613,-191
-96,-863
-36,-781
87,-347
187,150
519,-662
-568,-90
-191,85
203,-332
-870,-259
9,598
-753,784
90,13
884,-922
-159,692
-577,512
-662,581
225,-443
966,-46
128,27
943,502
639,619
775,627
-302,986
-153,495
-118,-363
1,79
-666,-284
-66,570
-482,709
541,762
827,420
-732,-722
-581,-853
-361,874
-644,417
506,840
924,739
-4,-23
-2,-376
-81,-825
-596,-575
-910,-972
268,612
-555,-830
127,264
262,-894
-532,-920
-159,927
-632,128
-66,329
401,290
-63,-134
74,534
-342,508
-323,127
-583,-800
-140,961
865,417
-706,43
762,-623
277,-152
438,-61
312,106
504,-361
-376,729
-551,-525
-985,-698
-391,399
997,-79
-788,68
169,791
-930,-205
-179,-827
-617,-459
63,624
-493,-182
-586,-528
253,281
778,580
-791,-545
552,816
661,-77
703,-148
555,387
-42,-846
984,119
-21,188
-567,240
607,787
-869,-740
634,-982
-935,594
461,-998
-131,-668
-89,766
348,507
-426,-218
-933,883
256,60
-627,-635
470,560
21,226
-695,-392
161,-520
-877,166
149,811
864,-918
-25,949
445,-657
-419,622
-815,914
708,328
819,-47
-603,-432
919,-495
-205,-865
-681,-833
967,319
994,947
720,-605
268,398
734,23
-374,72
-891,316
-389,-842
804,-744
231,955
95,669
814,457
46,574
630,763
305,-403
-151,261
822,-376
622,652
-638,97
488,-947
709,76
675,-406
-792,-46
587,34
614,581
-667,-899
710,171
-371,607
905,-253
835,131
569,871
994,-498
979,-303
131,173
523,593
408,-682
617,-151
155,-478
845,-237
280,-594
681,-85
-906,967
607,-84
699,-941
-488,67
345,310
948,259
-892,833
776,700
-795,-606
-697,757
316,498
-961,675
-176,928
421,-304
218,-43
111,-500
841,-788
-966,-776
373,-826
439,527
342,-143
-956,15
-605,-879
-296,-110
-463,-854
57,456
-72,252
-486,248
-341,-616
-363,931
240,60
-421,-891
572,-733
-864,-695
501,612
-395,-375
92,34
-442,-717
826,-206
735,-422
-517,-875
878,-893
-533,-769
730,-312
-258,-625
-743,-919
602,84
14,-178
703,-837
920,224
-673,948
6,709
-422,-873
153,96
889,193
-147,182
-113,801
-143,-411
165,115
368,368
13,-54
-30,553
-760,-797
245,-664
-948,715
-78,-544
268,-179
267,-958
-328,-210
130,-629
-308,315
659,-407
-876,-333
-607,-11
-780,-383
986,561
807,-290
898,675
-873,-11
548,676
-333,576
836,901
609,-575
517,282
992,119
993,197
-571,728
-421,-252
831,724
58,816
618,-875
-3,-247
-938,-108
-267,-714
-878,275
528,834
410,148
485,-289
-561,-874
66,181
-494,592
-951,-203
-595,423
-999,-1
38,-419
-224,-438
-216,-872
406,657
562,156
-791,-98
-513,430
-790,461
-179,931
443,409
230,-39
-988,119
-462,630
310,-873
634,-226
147,255
562,-466
-22,-285
292,-692
892,-770
731,526
555,803
265,423
858,-2
-833,387
628,473
-255,-143
-642,27
-669,742
-329,500
-297,-288
-330,109
-988,-61
-182,934
482,203
-270,-484
697,580
839,193
606,-786
-233,572
-894,908
700,-618
-169,-746
-791,-577
644,628
801,295
919,-595
-391,20
-775,-362
585,419
372,421
-926,521
51,473
-706,282
-440,-696
-988,111
810,259
61,334
-348,772
787,627
135,-953
-515,186
420,97
-63,0
-660,117
872,237
-683,658
-898,474
-176,136
-216,-63
-233,22
159,946
-815,-422
-716,774
-53,-390
-196,537
-137,-6
-779,-260
203,715
-601,-929
-70,471
-612,-828
-173,-101
355,535
230,514
-164,-425
336,-683
-236,277
-575,695
706,-862
889,-219
-1,765
360,-585
859,23
693,-65
-499,973
339,288
785,-288
-910,-443
508,-156
-636,-296
-610,-328
368,-171
147,841
952,-521
-554,600
54,-535
424,-383
834,405
-709,-845
778,63
-274,379
672,248
997,32
986,-523
949,210
-91,-578
-562,-572
-28,-833
-361,223
-520,854
-687,-927
-899,569
624,674
451,219
701,-981
-203,-372
436,415
-785,544
-177,-59
-766,-843
654,520
491,539
-957,-688
-205,-19
-850,462
-560,485
-340,-932
-778,757
-445,-843
596,-539
-416,-360
-627,452
-746,-199
5,-494
-982,-236
388,-349
-423,-856
-243,590
649,-33
-22,800
675,351
486,629
-48,-999
812,67
594,183
-139,-323
-655,998
338,54
-116,84
422,557
-244,-449
676,404
495,-672
-372,-579
85,331
956,-785
-363,-74
425,243
702,277
307,-820
-164,-593
209,-54
706,-766
-35,57
393,936
-631,-288
-4,185
457,-89
-432,-733
752,458
900,-636
-682,738
549,969
-968,-533
352,-325
-1000,-517
-570,-976
362,-568
160,477
453,480
634,-943
-778,-451
-263,-966
-990,-425
817,988
165,-994
381,-663
710,495
191,898
-806,817
39,434
-499,561
-616,-135
-499,465
762,803
-587,240
-420,753
-270,-832
115,649
76,-669
-205,618
271,-8
-587,731
406,457
-96,112
256,573
-544,210
-478,548
-528,143
661,-423
-936,-942
-724,-948
514,539
903,521
-566,2
853,-389
-898,-814
641,-20
-325,172
28,114
-871,88
-704,-891
-156,-231
694,-125
47,-255
692,620
208,809
-423,-539
-898,-565
-426,461
61,-695
-471,-561
-832,-573
577,-877
-719,10
-973,290
759,-615
-485,721
252,867
-855,-886
-182,-761
986,-120
-455,-429
-754,155
829,568
494,-225
568,-367
427,-84
290,-768
246,-232
473,667
380,-840
-454,950
-585,361
911,270
290,-101
560,-65
-487,-766
-372,-85
-887,-489
-406,-39
714,-593
890,-856
-652,-455
-672,352
611,86
-601,-354
800,259
-774,305
-601,932
-29,-902
444,244
-615,2
-971,750
-151,761
92,425
-903,338
591,945
-967,-879
-773,-467
-953,442
-446,779
-82,688
-590,5
-72,-349
389,288
-86,-937
-771,-707
824,-297
192,-103
-288,-482
171,-328
-632,-459
347,768
542,-586
436,-309
-395,-61
24,633
82,686
512,784
-849,989
264,704
-957,-539
185,186
365,837
-913,214
-173,525
-756,-840
-834,-331
-213,394
256,0
452,-945
-598,80
266,362
608,451
207,977
-217,783
855,927
-344,-894
453,-883
-348,-27
438,376
-104,-758
162,866
-859,-868
-823,611
-137,-743
-182,9
-214,-503
-227,-279
-415,-11
71,-235
-346,-649
144,-970
-722,675
-797,663
-220,-214
284,730
436,-724
-75,-452
971,899
-361,-889
-930,192
426,-37
522,629
-963,-40
-218,190
-83,-530
-981,-821
-479,425
-236,159
389,53
-527,904
-214,-721
-859,-304
-47,534
-52,922
-844,-982
-26,742
107,-883
-771,-905
-238,-806
-375,-920
225,-4
-914,-891
48,-182
-929,991
96,154
-913,183
-882,465
-921,637
863,649
-4,-978
-139,745
-983,483
443,43
-550,116
-281,-708
-653,-367
753,960
828,-215
885,-168
56,-727
-515,854
-537,969
760,781
-860,576
518,-285
735,959
40,896
839,-879
132,817
-71,304
-356,184
433,788
981,-704
-935,67
640,-742
-593,230
-811,-192
-544,167
-698,-952
-324,-10
620,-111
929,210
-350,-715
928,-395
714,-423
159,-587
-655,162
-553,820
535,579
67,477
-217,529
24,-736
-148,-88
-55,-386
-480,808
295,-859
28,464
123,-93
-332,866
73,875
-862,678
312,207
-290,695
-220,-28
514,-374
-906,367
-797,-680
-972,573
-742,749
-102,608
112,-40
443,-253
-406,498
-439,779
-227,695
583,-612
-34,-935
-619,-832
-982,611
755,794
-914,-569
246,-851
441,-748
-204,165
283,-378
593,-248
676,266
784,-882
521,170
731,-452
351,-911
719,238
111,242
834,686
-233,-144
-85,556
0,669
676,888
692,329
-987,990
-940,83
965,158
-15,-157
-389,-609
-735,267
-727,-293
-601,-222
-306,-169
798,788
779,-80
-753,-92
887,2
-576,305
665,-880
661,404
-394,-664
-427,-123
964,291
732,-191
-824,984
-368,596
614,990
-334,552
486,222
211,-853
-995,16
-290,857
-614,-761
-716,559
-36,439
-772,-673
252,-680
580,39
879,-903
408,-594
553,-776
-660,-355
-215,263
-2,-404
-942,-747
57,-231
-201,147
977,652
889,-410
284,215
-130,420
-288,877
-617,-607
216,418
614,-552
831,-151
-52,-14
237,145
249,657
-904,-490
37,433
530,-540
-257,844
-553,294
-767,129
316,305
-254,229
-447,-892
318,-791
-692,765
-83,136
299,322
-712,-168
477,735
431,-867
-325,-262
924,-992
422,-960
992,-824
616,469
956,-365
-191,-628
-233,-392
-667,-928
907,673
-834,763
798,372
-126,-423
231,-800
-773,748
-183,937
316,-65
-548,-45
602,-12
-973,-24
-585,853
-409,-338
265,-151
150,587
-846,673
-207,-416
960,902
790,867
-531,-114
-645,926
296,645
785,90
-137,49
246,891
262,187
-366,681
-556,626
683,218
-54,181
158,-31
-590,489
-835,-751
-716,-453
-425,-523
-596,776
98,-633
970,-679
-38,-289
-550,-432
-950,-344
-858,-988
-289,40
-905,276
-429,741
-986,649
983,587
447,841
-149,-322
-379,414
-957,-817
882,231
-708,-951
-226,458
-426,665
523,19
699,470
-149,-224
491,310
739,933
-807,-236
-692,641
-856,126
12,564
336,-205
58,664
-178,150
-157,-775
415,112
-148,485
-3,42
234,639
-13,736
902,-87
-591,654
431,-689
-803,766
-685,-969
371,295
12,107
180,-150
-606,884
-430,-30
-226,188
-344,-812
-657,-309
519,998
449,-329
791,964
-612,684
-734,616
275,-978
433,-799
-397,-556
-320,496
193,-967
286,-734
260,-296
-808,913
-799,-72
457,-301
-734,365
-543,-565
-662,225
-175,-151
239,264
372,-799
830,303
491,-851
249,-635
289,485
-438,957
-555,861
713,-632
357,-194
-990,-379
-878,237
-816,320
-141,22
434,-594
-992,121
126,-701
467,652
-126,939
148,293
827,-383
-90,-76
-308,222
890,-158
798,37
888,640
-259,-624
491,97
608,-351
-232,-60
761,-819
180,347
671,-372
-330,985
490,-155
-926,72
843,-988
962,-683
780,-73
-327,241
-950,32
83,-430
-754,73
-910,795
958,99
179,771
-505,-586
371,460
85,-887
577,894
-486,-228
-468,-608
-760,883
-770,-399
637,-324
-161,-647
-409,-563
-92,-178
998,-548
-880,656
941,-203
730,948
-655,737
397,301
248,306
910,-673
-322,966
189,880
482,-234
-621,-327
799,510
-623,753
618,-298
407,-127
71,-125
-427,383
399,-256
-362,-57
-41,-180
101,-57
249,-621
-244,-406
391,365
